WQ	2015	1	1	1	-10.1	4.7	10.8613950628065	1.00301645281176	0	1.9	2.16156163656458	405
WQ	2015	1	2	2	-8.2	5.7	10.8116122041907	0.762338996852244	0	1.2	2.80137441252556	405
WQ	2015	1	3	3	-4.4	9.5	9.86944825468716	1.48681191126009	0	2.9	3.66340648382957	405
WQ	2015	1	4	4	-4.7	11.5	8.92414383988981	0.833955509789444	0	1.2	5.36356639283741	405
WQ	2015	1	5	5	2.2	5.8	3.88565351789572	1.06205873708563	0	2	4.66843024984312	405
WQ	2015	1	6	6	-6.5	5.2	10.9603574009539	1.0774255230582	0	1.6	1.70115673827232	405
WQ	2015	1	7	7	-5.6	6.6	10.7565504944768	0.681724493409285	0	0.8	3.02948739581474	405
WQ	2015	1	8	8	-7.3	7.1	10.7185956276974	0.854206650814183	0	1.4	3.47263465066233	405
WQ	2015	1	9	9	-5.7	8	11.014043681583	0.916474122532934	0	1.6	4.04820870636303	405
WQ	2015	1	10	10	-6.2	12.2	9.73190511633381	1.31076832167295	0	2.3	4.78451404507656	405
WQ	2015	1	11	11	-2.9	6.3	11.3668655732325	1.11361874679562	0	2.6	4.12681043042577	405
WQ	2015	1	12	12	-6.1	5.7	10.8347829784375	0.688916857468864	0	1.2	4.23517972937567	405
WQ	2015	1	13	13	-6.4	7.2	10.5527866725844	0.698480745346966	0	1.4	5.01894548524509	405
WQ	2015	1	14	14	-5.2	5.1	4.08827271812638	0.627180393122369	0	1.3	4.65566801191987	405
WQ	2015	1	15	15	-2.9	2.1	4.11606722141969	0.395455135658551	0	1.4	5.65880550671615	405
WQ	2015	1	16	16	-3.6	5.6	8.67513203287067	0.894417875956826	0	2.4	4.68401971501561	405
WQ	2015	1	17	17	-8.7	5.9	11.7334034819811	0.984115503825227	0	1.6	2.80173384960827	405
WQ	2015	1	18	18	-1.2	10.1	9.21240930603188	2.29047383560573	0	4.4	3.3220216324688	405
WQ	2015	1	19	19	-5.4	10.5	11.7862187119154	1.47262605609825	0	2	3.02088613315233	405
WQ	2015	1	20	20	-1.9	9	7.58476481530547	1.41266653368419	0	2.3	3.86259046497948	405
WQ	2015	1	21	21	-3.1	4.1	10.267054123387	0.991920471847842	0	2.6	4.17595622991251	405
WQ	2015	1	22	22	-7.9	7.4	12.0978094143484	0.957648307692994	0	2	4.37341969970891	405
WQ	2015	1	23	23	-3.1	8.2	11.9994123855462	1.29025204170292	0	3.2	4.87770368948507	405
WQ	2015	1	24	24	-4	5.6	4.41141774301074	0.66957808966427	0.2	2.4	5.52333997701425	405
WQ	2015	1	25	25	-1.5	1.3	4.44906831319269	0.413443221746752	2.5	2.1	5.78700064063586	405
WQ	2015	1	26	26	-1.8	5.8	7.1935325172881	0.590047148481674	0	2.1	6.5587920172315	405
WQ	2015	1	27	27	-6.1	1	11.8762180652056	1.33895373356036	0	2.9	1.93135739468403	405
WQ	2015	1	28	28	-6.5	0.3	12.4169558313932	0.719037187584588	0	1.2	3.24940455519096	405
WQ	2015	1	29	29	-6.9	2.8	4.60878196292312	0.676296824368536	0	1.2	3.55593185639006	405
WQ	2015	1	30	30	-3.8	4	13.4277071026258	1.23747694404588	0	1.7	2.29393388848839	405
WQ	2015	1	31	31	-8.9	5.1	13.4319772432599	0.90036756598452	0	0.9	2.49910105087092	405
WQ	2015	2	1	32	-7.2	4.9	12.9690572401379	0.975602959812391	0	1.1	2.68849676605725	405
WQ	2015	2	2	33	-7.2	5.3	12.0300580436718	0.824563842017586	0	0.7	3.17870583307518	405
WQ	2015	2	3	34	-5.6	5.5	4.82787170299538	0.760324022058351	0	1.2	4.24319173250363	405
WQ	2015	2	4	35	-4.2	6.1	13.8346082666466	1.52170712539849	0	2.4	2.84758972180932	405
WQ	2015	2	5	36	-5.6	7.3	13.5552828654772	1.26741419630953	0	1.4	2.77885343542388	405
WQ	2015	2	6	37	-5.6	9.4	12.8862130120938	1.41726889538971	0	2	3.95455796527601	405
WQ	2015	2	7	38	-4.5	5.1	13.7632978419993	1.51592802149179	0	3.3	3.35544308791113	405
WQ	2015	2	8	39	-8.4	2.5	13.7714345514997	1.1645281988183	0	1.6	1.95245234992932	405
WQ	2015	2	9	40	-6.9	9.1	14.3701685187655	1.90372683122583	0	2.9	2.81198245036037	405
WQ	2015	2	10	41	-1.8	12.9	14.2829009133707	2.15701975976845	0	2.8	4.14770473176025	405
WQ	2015	2	11	42	-3.5	8.6	12.399077077039	1.42201612002702	0	2.3	4.5288020512211	405
WQ	2015	2	12	43	-4	7.5	14.8065926185584	1.3250330580281	0	1.6	4.02580830655815	405
WQ	2015	2	13	44	-5.3	12.8	14.416219698223	1.84051719764132	0	2.8	5.10290621567312	405
WQ	2015	2	14	45	2	18.5	11.8846864040117	2.90365582794457	0	3.8	6.37969215920893	405
WQ	2015	2	15	46	1.6	9.4	5.43012008465768	0.86646168236872	10.1	3.4	8.02014496434837	405
WQ	2015	2	16	47	0.1	13.3	13.2109893063183	1.40421504272186	0	1.9	7.92790588185212	405
WQ	2015	2	17	48	-1.2	10.1	14.663933040606	1.62870534828005	0	2.4	5.38706210670617	405
WQ	2015	2	18	49	-2.3	10.1	14.5696211356755	1.35498369960832	0	1.5	5.86929510905153	405
WQ	2015	2	19	50	-3.1	5.9	10.1669811222197	1.05860226007754	0	1.3	4.59757522230348	405
WQ	2015	2	20	51	2.2	5.1	5.70697152818186	0.84075172184172	0.5	1.4	6.29718597559834	405
WQ	2015	2	21	52	1	7.7	5.7637923444946	0.68265687489996	2	2.7	7.94106084863308	405
WQ	2015	2	22	53	-3.3	5.2	17.0621522925421	1.76255486135406	0	2.2	2.59033356289425	405
WQ	2015	2	23	54	-5.5	8.2	17.1908874577489	1.50705239819729	0	1.5	4.03088325397627	405
WQ	2015	2	24	55	-1.1	9.5	11.5741806165832	1.44014869796098	0	2.7	6.04101538659566	405
WQ	2015	2	25	56	-0.4	10.2	15.0495400032944	1.68398032644274	0	2	5.51329024472492	405
WQ	2015	2	26	57	-3.8	7.3	17.2499517482387	1.72504416972605	0	2	3.56119534816334	405
WQ	2015	2	27	58	-0.7	5.3	6.1129667365085	1.49589823913424	0	2.6	3.60425167161893	405
WQ	2015	2	28	59	-2.4	6.5	6.17232004796962	1.08531927772539	0	2.6	5.25391043072285	405
WQ	2015	3	1	60	-4.2	12.7	16.963467596377	2.15939461491413	0	2.9	5.07765301576618	405
WQ	2015	3	2	61	0	12.7	9.77797452198116	2.07685869850619	0	2.9	5.19857610484122	405
WQ	2015	3	3	62	-0.3	8.3	16.9856409433009	3.31048401055314	0	5.1	1.77710230128978	405
WQ	2015	3	4	63	-6.8	6.4	18.0187789848671	1.74597518600843	0	1.4	1.79319885102341	405
WQ	2015	3	5	64	-3.7	9.2	14.4843008535109	2.02637557207612	0	2.1	2.84950568316842	405
WQ	2015	3	6	65	-0.4	12.6	15.972360739754	2.77880075524258	0	4.1	4.51500380844623	405
WQ	2015	3	7	66	2.1	15.9	18.0548450942511	3.05863760935675	0	4.3	6.41940192976224	405
WQ	2015	3	8	67	3.2	11	6.65478124032302	1.60112581766262	0	3.3	6.97236847400787	405
WQ	2015	3	9	68	-1.1	5.6	17.1344402625906	2.41969994426439	0	3.9	2.7252828757968	405
WQ	2015	3	10	69	-6.7	9.9	17.4879736279376	2.36404145713994	0	2.9	2.86122714274064	405
WQ	2015	3	11	70	-1.7	13	19.1454363617747	2.53884039007515	0	2.3	4.17586691233202	405
WQ	2015	3	12	71	0.1	14.8	18.2013849783584	2.87179410010293	0	2.7	4.48260360696693	405
WQ	2015	3	13	72	-1.3	14.8	18.8003066741962	2.92604941491609	0	2.8	4.25387876438716	405
WQ	2015	3	14	73	0.6	16.6	13.3924014165991	3.32182899273183	0	4.2	5.05428818545916	405
WQ	2015	3	15	74	3.1	18.4	19.8903282556973	2.95279721264253	0	2.4	7.63103533658443	405
WQ	2015	3	16	75	10	19.1	18.1939083652706	3.04416229483326	0	6.3	12.5527232247106	405
WQ	2015	3	17	76	6.7	13.3	10.0099878968677	1.95203494529782	0	3.5	8.78088488129907	405
WQ	2015	3	18	77	2.4	15.3	12.0465399166999	2.22837239212576	0	1.9	6.03842293643194	405
WQ	2015	3	19	78	2.1	18	10.0349022568742	1.82845340082649	0	1.1	7.63041563653358	405
WQ	2015	3	20	79	5.7	21.2	18.774898905368	3.05442865947491	0	2	9.44236400360876	405
WQ	2015	3	21	80	10.4	21.1	20.629111158681	4.22820156751415	0	2.7	5.64538552278485	405
WQ	2015	3	22	81	5.6	12.1	17.0002754945601	3.82435467682672	0	4.5	3.24991323332949	405
WQ	2015	3	23	82	-0.4	18.3	20.8675968837587	3.10329040282316	0	1.6	3.77508788210933	405
WQ	2015	3	24	83	0.6	19.3	20.9851884553168	2.98010259144544	0	1.5	6.18522769299134	405
WQ	2015	3	25	84	5.2	19.2	20.2154005545573	3.31452335382359	0	2.2	7.15190874526543	405
WQ	2015	3	26	85	4.6	19.7	21.2168721957263	3.37185074208856	0	2	6.91561327378461	405
WQ	2015	3	27	86	5	20.2	20.820242418197	4.0905872898028	0	4.2	7.6132918459545	405
WQ	2015	3	28	87	10.8	25	20.1618644520733	4.44359378899501	0	3.4	10.9346974195565	405
WQ	2015	3	29	88	10.1	24.7	20.9116746000737	4.71630883781642	0	2.9	7.39130323703176	405
WQ	2015	3	30	89	12.3	24.9	17.1438073147814	4.34761900659115	0	4.2	12.3646745258621	405
WQ	2015	3	31	90	6.8	19.1	8.02869925132858	1.52806740424693	11.8	4.2	13.9170516558195	405
WQ	2015	4	1	91	6.3	8.8	8.08520187661804	1.96602862226381	3.6	4.7	6.88825718375039	405
WQ	2015	4	2	92	3.3	10.7	12.8437082604115	1.3207988029003	22.7	3.3	9.58280156326689	405
WQ	2015	4	3	93	3.6	14.1	20.2566640206643	2.28435245892216	0	2.5	9.8385878436271	405
WQ	2015	4	4	94	4.6	15.4	20.0903136826763	2.55563177389098	0	2.2	9.61265185482739	405
WQ	2015	4	5	95	6.9	18.1	20.9766628607611	2.88254152315713	0	1.3	10.4448082580707	405
WQ	2015	4	6	96	4.2	13.2	18.5565696581598	3.15021402537249	0	3.8	5.85564828147972	405
WQ	2015	4	7	97	-0.9	12.2	22.7606598359986	2.58901344776521	0	1.7	5.77999186686881	405
WQ	2015	4	8	98	1.7	13.9	14.5971217085698	2.57654585147056	0	3.3	6.49484998684684	405
WQ	2015	4	9	99	6.5	16.8	20.6825685774826	3.00450444285518	4	3.2	9.94042573357438	405
WQ	2015	4	10	100	6.3	22.3	21.4406793139464	3.37188271326596	0	3.2	13.1305479610898	405
WQ	2015	4	11	101	12	22.2	19.109326917389	3.93268074788142	0	4.5	13.0524721038826	405
WQ	2015	4	12	102	5.2	17.4	20.9418612004257	2.84952743695138	8	4.3	10.9134541255394	405
WQ	2015	4	13	103	1.9	14.6	21.971517593455	2.52671976415456	2.8	3.4	9.21386612844661	405
WQ	2015	4	14	104	4.6	23.8	24.6309071646511	4.08625999917337	0	2.6	11.009955887553	405
WQ	2015	4	15	105	9.4	27.4	22.9541144562333	5.15542274746407	0	4.6	13.522103216591	405
WQ	2015	4	16	106	11.8	22.8	25.2166940522712	4.99552717041992	0	2.4	5.82372702336078	405
WQ	2015	4	17	107	8.2	24.2	23.6652931919951	4.75607431493943	0	2.9	8.83089984218135	405
WQ	2015	4	18	108	13.1	22.4	23.8834738891573	4.24298081122454	0	2.7	12.8608707974336	405
WQ	2015	4	19	109	9.3	15.6	9.01412095761611	1.54233224162966	7.4	2.5	12.9530887661139	405
WQ	2015	4	20	110	2	20.5	24.7289317964926	3.2661970885764	0	1.7	11.5339460440375	405
WQ	2015	4	21	111	10	24.7	25.3578757516793	5.49347215372468	0	5.9	11.7168458322302	405
WQ	2015	4	22	112	9.9	25.2	24.7451918726292	4.54982230171738	0	2.3	11.7274966785642	405
WQ	2015	4	23	113	16.1	29.9	25.0960126639525	6.04294839367144	0	4.1	16.0291123485356	405
WQ	2015	4	24	114	12.7	25.5	26.5544791017924	4.91418607850647	0	2.4	12.7763650654046	405
WQ	2015	4	25	115	12.4	29.5	25.6567535788578	5.16172719977259	0	3.5	18.0793418620034	405
WQ	2015	4	26	116	18	29	25.4489899650561	7.05714423515079	0	5.6	13.9602336463167	405
WQ	2015	4	27	117	17.1	27.3	24.2636683934449	5.34829601304579	0	3.9	16.7358513271565	405
WQ	2015	4	28	118	15.4	21.4	10.5182904142128	2.08884872544259	18	2.1	18.4836893430611	405
WQ	2015	4	29	119	12.4	23.6	17.8244292121589	2.78341878753531	0	1.6	20.6768067626748	405
WQ	2015	4	30	120	13.8	27.8	25.8509353740535	4.42157250899838	0	2.3	21.522143677821	405
WQ	2015	5	1	121	16.2	27.1	23.8106545635952	4.53615042591752	0	3.3	20.0834360780447	405
WQ	2015	5	2	122	15.1	22	15.3088680392215	2.49963425049102	8.7	2.5	20.0573229595976	405
WQ	2015	5	3	123	12.3	23.7	16.0554685890903	2.96399709026427	0	1.2	15.7001716047557	405
WQ	2015	5	4	124	11	22.6	27.3526040460276	5.03317270027429	0	2.6	8.92076831438599	405
WQ	2015	5	5	125	14	27.5	24.4514006398034	5.54879341631546	0	4.6	15.2826376992793	405
WQ	2015	5	6	126	14.9	22	21.5417700809485	4.27165861109892	0	3.6	13.8826535360643	405
WQ	2015	5	7	127	11.4	23.3	24.6934444735337	4.02599003095482	1.8	1.6	14.9414143080216	405
WQ	2015	5	8	128	13.7	26.9	24.0353084933833	4.29219486247209	0	2.3	19.4264513520605	405
WQ	2015	5	9	129	9.9	19.4	9.79702874931161	1.36340299517981	34.8	3.9	17.0156870992319	405
WQ	2015	5	10	130	9.8	12.2	9.82838301789499	1.32439893282204	1.8	2.7	12.7689357007733	405
WQ	2015	5	11	131	9.1	20.9	18.5018634414575	2.93388644626449	2.9	2.2	14.6918180686207	405
WQ	2015	5	12	132	10.4	27.8	28.0398907942613	6.48818207941203	0	4.8	11.4940258277203	405
WQ	2015	5	13	133	15.5	30.4	26.947989805481	6.46691040053769	0	4.6	16.7816372234014	405
WQ	2015	5	14	134	18	26.1	24.2905709108929	5.09306442579671	0	2.4	14.9747152898931	405
WQ	2015	5	15	135	15.5	23.5	27.1707082108235	5.06261271710064	0	2.3	12.5726949117785	405
WQ	2015	5	16	136	9.7	28.1	26.4978010050781	5.03592175629512	0	2.4	14.7661926260538	405
WQ	2015	5	17	137	19.2	29	27.8148678735443	6.88031763106958	0	7.4	19.0034480911924	405
WQ	2015	5	18	138	18.6	31.3	26.1418193385186	5.76869467238329	0	2.3	18.7965324471296	405
WQ	2015	5	19	139	17.4	28.9	28.0272104792057	6.7343893195926	0	2.9	8.95497653184512	405
WQ	2015	5	20	140	14	28.3	28.3451905738709	5.69752097026079	0	2	11.4346390868091	405
WQ	2015	5	21	141	14.5	23.8	12.2617388944477	3.12207436570165	0	1.8	13.1085848626153	405
WQ	2015	5	22	142	12.7	27.4	28.121756918049	5.06431559454169	0	1.6	15.3554943057591	405
WQ	2015	5	23	143	14	29.2	28.2932941000876	5.29712336928693	0	1.6	17.2349796093567	405
WQ	2015	5	24	144	15	31.6	27.7496752695875	5.95914110961954	0	2.4	17.1549789616397	405
WQ	2015	5	25	145	16.5	32.5	28.2042280293976	6.07400462660933	0	2.2	18.6118756019588	405
WQ	2015	5	26	146	17.9	31.5	27.8004771797771	6.44800369602122	0	2.9	16.6827903050924	405
WQ	2015	5	27	147	16.8	29.7	26.5376385991246	5.32431612337669	0	2.3	20.3810746853817	405
WQ	2015	5	28	148	17.6	29.4	26.8455247658876	5.69177875999024	0	2.6	18.0299713554676	405
WQ	2015	5	29	149	20.5	25	10.2779196455227	2.58271673532078	0	2	21.7597340920734	405
WQ	2015	5	30	150	17	30.1	27.1721338328318	5.19392048911183	0	1.2	21.0976543517981	405
WQ	2015	5	31	151	19.7	33	24.7586320400917	6.56835301013933	0	5.4	23.0748719250188	405
WQ	2015	6	1	152	24.1	33.8	25.4911192946358	7.04903121942461	0	5.4	26.0258860176077	405
WQ	2015	6	2	153	20.8	31.2	23.503610306692	5.55614311251515	0	2.6	21.0018477381511	405
WQ	2015	6	3	154	16.2	31.8	27.2398291212445	5.78557347730455	0	1.7	15.375923269148	405
WQ	2015	6	4	155	17.3	26.7	13.0820378242417	3.81460784473358	1.7	3.1	16.9816305634008	405
WQ	2015	6	5	156	15.5	35.7	29.2714482621744	7.18490683484678	0	2.9	17.8715760558219	405
WQ	2015	6	6	157	20	34.9	26.2769381623198	7.01162395834398	0	2.8	16.2564178751271	405
WQ	2015	6	7	158	18.9	30.4	10.3939730946226	3.50077318565748	10.4	2.8	21.2066155571643	405
WQ	2015	6	8	159	14.9	33	29.3049667389177	6.19238834447994	0	1.8	15.8026827085285	405
WQ	2015	6	9	160	20	37.4	27.8820201873506	10.0446258671692	0	5.3	12.689098895973	405
WQ	2015	6	10	161	25.1	31.8	10.4189371632323	4.52596895356621	6	3.7	22.8751904409188	405
WQ	2015	6	11	162	16.2	31	27.6106307325747	5.90659380586757	5	2.6	18.6860002755323	405
WQ	2015	6	12	163	17.8	33.6	26.6142112012739	6.31287431886901	0	2.1	15.2042242615097	405
WQ	2015	6	13	164	20.1	29.8	28.0513389509478	6.84540545735841	0	3.7	16.0411979627732	405
WQ	2015	6	14	165	16.9	31.5	27.7690236230056	5.72108354004962	0	1.6	17.6783917648271	405
WQ	2015	6	15	166	19.7	32.2	14.1685043334593	3.9866229908675	0	1.9	20.9567579221698	405
WQ	2015	6	16	167	19.6	33.3	27.487976534892	5.99575166236585	0	1.6	19.2306895777579	405
WQ	2015	6	17	168	21.8	34.9	10.4506996653766	3.50870035998341	0.2	1.5	22.1495865507251	405
WQ	2015	6	18	169	21.5	32.2	27.9190903706521	6.84169471438307	0	2.9	17.6956730062042	405
WQ	2015	6	19	170	19.3	27.1	16.8951733945229	4.7159624749504	0	3.8	17.4755060730793	405
WQ	2015	6	20	171	15.4	29.8	28.7757809590515	5.57892318674376	0	1.6	17.2387438116441	405
WQ	2015	6	21	172	17.2	32	27.0556211160127	5.45338590860579	0	1.1	16.4571425819097	405
WQ	2015	6	22	173	21.3	33.2	10.4508013384175	4.20898193390245	0	2.4	18.66914240041	405
WQ	2015	6	23	174	21.8	31	10.4485719677598	4.0364730961655	0	3	20.6029460561765	405
WQ	2015	6	24	175	21.2	29.5	22.7505094884655	5.16431553759359	0	2.8	22.2460366709294	405
WQ	2015	6	25	176	20.5	26.2	10.441868114108	2.31344454218442	9	1.4	25.5773227159865	405
WQ	2015	6	26	177	18.6	31.4	25.742522944281	5.11183081340234	0	1.2	25.2715133666881	405
WQ	2015	6	27	178	21.2	33.5	10.4321740952121	3.1786609901436	0	1.7	25.7637574914768	405
WQ	2015	6	28	179	22.4	33.9	10.4262069047423	3.43024064709379	0	2.1	26.3960301311465	405
WQ	2015	6	29	180	22.6	30.3	10.4194934713704	2.7145362163814	3.2	2.6	29.6469849149126	405
WQ	2015	6	30	181	19.4	25.6	12.6990183674183	2.78893063981884	0	2.6	23.2495291218804	405
WQ	2015	7	1	182	17.2	35.9	28.2671920756433	6.45579304824058	0	2.5	24.3998033650278	405
WQ	2015	7	2	183	20.1	34.5	29.1115747310064	7.49409507404204	0.2	3.2	17.2082702696303	405
WQ	2015	7	3	184	18.7	32.2	28.6690050818491	6.48514616911457	0	2.5	17.7617173306135	405
WQ	2015	7	4	185	17.7	34.9	26.0835434299435	5.93709679850398	0	1.7	19.0426372197721	405
WQ	2015	7	5	186	19.7	31.4	19.7863932191267	4.19798913608943	5.6	1.1	25.1526087601536	405
WQ	2015	7	6	187	22.4	30.5	10.3516328347299	2.65031532848065	0	0.9	25.4713022125833	405
WQ	2015	7	7	188	20.3	32.1	24.0371742769771	5.51742346470324	0	2.7	23.6404393749675	405
WQ	2015	7	8	189	20.5	33.8	26.5872046116647	6.0439250524805	0	2.2	23.3994559590326	405
WQ	2015	7	9	190	20.5	34.6	22.5750005640638	5.87690608560901	0	2.4	20.5691198177283	405
WQ	2015	7	10	191	22.4	34.4	10.296483700375	4.55632439340931	0	3.3	22.4068942436361	405
WQ	2015	7	11	192	23.7	33.6	26.2409100044712	6.25481848189651	0	3	26.8373748413611	405
WQ	2015	7	12	193	23.1	35.7	24.5091337437142	5.61825931288977	0	1.5	29.0457672521281	405
WQ	2015	7	13	194	24.7	39.2	23.7743854610922	6.20786433221019	0	1.7	25.9551542545867	405
WQ	2015	7	14	195	23.7	34.7	18.1999543834399	4.65872291754301	0	2	28.7664661581382	405
WQ	2015	7	15	196	22	29.4	10.2108300790634	2.85265192895395	0	1.7	24.2753016468669	405
WQ	2015	7	16	197	22.3	29	10.191472700241	2.76795382244292	1	2.3	26.4584515048341	405
WQ	2015	7	17	198	22.9	30.7	10.1713737648107	2.86270592201679	0	3.2	29.5565670781071	405
WQ	2015	7	18	199	22.2	27.6	14.41230712227	2.93084646549727	40.1	2.4	28.9794760696745	405
WQ	2015	7	19	200	21.2	29.8	10.1289526683219	2.47983131073292	0	2.6	29.1987446980832	405
WQ	2015	7	20	201	21.3	31.9	22.3101767940439	4.79078422439394	3.3	3.6	29.4077688005522	405
WQ	2015	7	21	202	23.2	32.4	13.0617272998587	3.56110617599842	0	3.3	30.442310698873	405
WQ	2015	7	22	203	20.8	30.3	10.0597697064891	2.38818870407995	25.7	1.6	29.4636014338987	405
WQ	2015	7	23	204	21.8	33	23.0656403624425	4.91218523741786	0	1.7	30.1859778220726	405
WQ	2015	7	24	205	22.1	32.4	21.7575352907393	4.63061163368172	1.5	1.6	30.0936021326007	405
WQ	2015	7	25	206	21.8	33.8	25.683189042627	5.6921609558319	6.9	3	29.5206877469111	405
WQ	2015	7	26	207	24.3	34.4	25.9271827758662	5.64710610414927	0	1.9	33.9078034125833	405
WQ	2015	7	27	208	25.4	34.5	24.6160688533138	5.48257823371322	0	1.6	33.981433749193	405
WQ	2015	7	28	209	25.1	34.6	24.857822289237	5.51097254881587	0	2.1	35.1793303671414	405
WQ	2015	7	29	210	26.3	34.5	22.5602502699938	5.09788813726465	0.3	2.5	37.3407743961767	405
WQ	2015	7	30	211	24.5	31	9.8428495258691	2.35334717172342	1.8	1.6	34.0525858590008	405
WQ	2015	7	31	212	23.5	30	14.1745118945915	3.0921758475855	31.8	1.6	31.4098216593392	405
WQ	2015	8	1	213	24	31.4	19.62134396645	4.12985423527226	0	1.4	32.972281353087	405
WQ	2015	8	2	214	26.2	33.3	15.7877510371667	3.71681712332308	0	2	36.1963995959195	405
WQ	2015	8	3	215	22.9	31.1	9.71683866207115	2.05782576213058	111.7	3.3	35.091466318156	405
WQ	2015	8	4	216	20.7	30.2	23.1345913616776	4.57782763047537	5.5	2	27.6074603473091	405
WQ	2015	8	5	217	22.5	30.6	19.8658546445875	4.01990526659534	0	2	31.3142700346179	405
WQ	2015	8	6	218	21.9	30.6	25.4096962921119	5.02033628254216	0	2	28.7785182430582	405
WQ	2015	8	7	219	21.8	31.2	9.57928652587489	2.28833245207663	0	1.2	31.1280409938065	405
WQ	2015	8	8	220	23.2	32.4	22.2297853568757	4.61007206969581	0	1.1	32.7543849291672	405
WQ	2015	8	9	221	24.3	33.4	23.7067915959412	4.99934109308044	0	0.8	33.1378461592566	405
WQ	2015	8	10	222	24.1	33.3	24.0658588873604	5.04205713294022	0	0.8	32.875015750903	405
WQ	2015	8	11	223	24.2	32.7	20.6742599976104	4.5402250467238	0	1.5	30.6692716856601	405
WQ	2015	8	12	224	22.9	34	23.5284169866093	4.95378473644204	0	1	32.0414124054844	405
WQ	2015	8	13	225	21.7	34	24.0195153019593	5.06572090056294	0	1.9	31.6609208163207	405
WQ	2015	8	14	226	23.7	32.4	23.40212402216	4.86326442795403	0	1.7	32.3447620768688	405
WQ	2015	8	15	227	22	33.4	24.164173247066	5.01864800292471	0	1.5	30.7627726696779	405
WQ	2015	8	16	228	21.8	33.3	24.0958047030979	5.00665656286312	0	1.7	30.5227765462001	405
WQ	2015	8	17	229	22.9	31.5	20.7281882809674	4.34199126616724	0	2	30.3996905438743	405
WQ	2015	8	18	230	22.3	32.1	19.4287586384646	4.19210558332182	0	2	29.8974988932986	405
WQ	2015	8	19	231	21.6	28.3	9.09954010527663	2.06079538430645	0	2.1	29.2410941478314	405
WQ	2015	8	20	232	20.3	30.6	24.4896432027382	4.76309164295101	0	1.7	26.4160700075794	405
WQ	2015	8	21	233	20.2	33.4	24.9571902622746	5.05728620327127	0	1.3	27.0414007888867	405
WQ	2015	8	22	234	20.9	32.8	8.96459167524308	2.29186953416252	0	1	29.4107600500095	405
WQ	2015	8	23	235	17.1	30.7	23.9804479352937	4.52138882922425	0.3	2	25.1475655707187	405
WQ	2015	8	24	236	19.8	27.6	8.87148151512763	1.82009100794156	17.2	2.4	28.5107834964697	405
WQ	2015	8	25	237	19.2	28.3	8.82400839803479	1.9429373594322	1.7	1.6	27.624972332805	405
WQ	2015	8	26	238	18.8	29.6	21.7091937650847	4.05662849830459	0	1.4	26.2147469402798	405
WQ	2015	8	27	239	18.2	31.2	20.1494909760351	3.84763891563705	1.1	0.8	27.8631670284802	405
WQ	2015	8	28	240	18.6	30.6	23.6891167282763	4.43387912044377	11	2.5	27.1179461739222	405
WQ	2015	8	29	241	17.9	29.9	23.7325854920299	4.34889122384901	1.8	1.3	24.76585068139	405
WQ	2015	8	30	242	17.8	27.8	16.7089781726938	3.13031779648381	0	0.9	23.6746762312859	405
WQ	2015	8	31	243	19.1	24	8.5269262487481	1.58357825786791	25.3	2	25.4557798447406	405
WQ	2015	9	1	244	18.8	21.7	8.4754720473377	1.49392953286138	26.5	2.4	23.3538646950962	405
WQ	2015	9	2	245	18.4	28.3	21.1082822252454	3.75180802665607	1	1.6	25.9387723775922	405
WQ	2015	9	3	246	18	31	23.6513255694449	4.3492167809017	0	1.3	26.8819839604942	405
WQ	2015	9	4	247	19.6	26	8.31802090761838	1.74458877287455	4	1.1	26.2373720473703	405
WQ	2015	9	5	248	18.9	24.6	13.2382542831961	2.37439288602651	0	1.9	24.2732945865437	405
WQ	2015	9	6	249	18.6	26.5	22.6909319026304	4.17334522357323	0	2.8	21.0196322747517	405
WQ	2015	9	7	250	12.4	27.8	21.9373553163714	3.63451790066028	0	1	19.1516583946798	405
WQ	2015	9	8	251	15.8	28.9	21.8346559742513	3.81174645388071	0	1	21.666657927555	405
WQ	2015	9	9	252	21.5	23.6	8.04611884723114	1.67587965703	2.7	1.2	25.470108652629	405
WQ	2015	9	10	253	17.6	23.5	7.99044733427066	1.74166147402206	0.7	2.7	21.8413890541367	405
WQ	2015	9	11	254	13.8	22.1	7.93438199763169	1.8466508422602	5.2	2.5	17.3760621721193	405
WQ	2015	9	12	255	13.6	24.3	22.6870820418856	4.05233739410852	0	2.8	14.476297677291	405
WQ	2015	9	13	256	11.5	27.4	22.4456777268745	3.99907938406465	0	2.2	16.0219310091592	405
WQ	2015	9	14	257	14.3	25.8	20.4306321715805	3.45936270201203	0	1.8	18.3220169360349	405
WQ	2015	9	15	258	13.7	27.5	21.7096827252702	3.51288224408266	0	0.9	19.9082667982947	405
WQ	2015	9	16	259	14.8	28.4	19.8353048041766	3.37015647982339	0	1	21.6542634537912	405
WQ	2015	9	17	260	16.6	29.2	19.6009193443237	3.49552209828957	0	1.4	23.4683730068178	405
WQ	2015	9	18	261	18.1	28	12.3905997127788	2.38512541098599	0.3	1.1	25.1848118257239	405
WQ	2015	9	19	262	17.8	29.4	19.0082971815122	3.46448890928899	0	1.3	23.6289302838339	405
WQ	2015	9	20	263	14.8	28.9	19.8860433120683	3.37226482069366	0	1	21.5311750360386	405
WQ	2015	9	21	264	14.6	28.7	15.5914010226465	2.89527091777519	0	1.2	20.4351669756624	405
WQ	2015	9	22	265	17.8	26.6	11.5790043601955	2.45133646691522	0	2.9	22.9109017904821	405
WQ	2015	9	23	266	16.5	27.8	17.9539180810558	3.08936857496634	0	1.2	22.453243099415	405
WQ	2015	9	24	267	18.8	28.6	16.3889894595117	3.03653977214425	0	1.4	24.3365365607739	405
WQ	2015	9	25	268	17.3	27.9	17.490947401446	3.15661723518866	0	1.2	19.778346193299	405
WQ	2015	9	26	269	11.1	28.8	19.7807068695413	3.35837977228589	0	1.3	16.3713421994687	405
WQ	2015	9	27	270	14.8	29.9	15.2387090249147	2.9950455166527	0	1.4	20.0678197435157	405
WQ	2015	9	28	271	18.8	23.3	6.93845044494894	2.91371746246992	0	3.7	15.8474798092841	405
WQ	2015	9	29	272	18.3	23.7	9.95196598199212	2.51036360963059	0.4	3.5	19.1286393462188	405
WQ	2015	9	30	273	15.1	22.4	17.1669589911176	2.68366742787625	0	2.5	17.9230271923181	405
WQ	2015	10	1	274	14.4	23.5	19.2749538751022	3.70231068340069	3.7	3.3	13.6083216364723	405
WQ	2015	10	2	275	8	26.2	18.7990697973206	3.21569660811957	0	2.2	14.0935896215647	405
WQ	2015	10	3	276	9.5	26.7	19.0208582101422	3.02380008833143	0	1.5	15.2440893195929	405
WQ	2015	10	4	277	12.4	27.1	10.7218928586609	2.3570103062699	0	1.9	17.8433632819698	405
WQ	2015	10	5	278	13.5	28.6	18.1929667247003	3.57048124632078	0	2.9	18.2959464138887	405
WQ	2015	10	6	279	13.9	27.9	17.3850516798353	3.2319155818707	0	2.6	18.9791429670043	405
WQ	2015	10	7	280	18.2	26	11.9448657884668	2.56128763865035	0	2.3	20.170652229855	405
WQ	2015	10	8	281	10.4	20	15.1168093993799	2.80588522213228	0.4	2.4	9.71878193269649	405
WQ	2015	10	9	282	7.5	25.2	18.0273542215683	4.45149508766084	0	3.8	8.06073512406735	405
WQ	2015	10	10	283	6.9	17.1	17.3437797354378	3.03901522665986	0	2.7	5.89008614634274	405
WQ	2015	10	11	284	6.8	22.8	16.9984462907787	3.39955938050948	0	2.8	8.28039040229415	405
WQ	2015	10	12	285	5.1	25.5	17.6449567236941	2.70809419645708	0	1.6	12.2182376442085	405
WQ	2015	10	13	286	7	27.1	15.7697221839475	2.78735949076309	0	1.7	13.0762816281325	405
WQ	2015	10	14	287	13.7	25.6	10.3323613534117	3.09602825124354	0.4	2.9	13.0964000552563	405
WQ	2015	10	15	288	12.3	25.6	14.2417202320378	2.30141473509472	0	1.5	17.4392935244998	405
WQ	2015	10	16	289	9.5	28.6	15.4208644715165	2.46370904056111	0	1.2	17.5999329316425	405
WQ	2015	10	17	290	12.2	27.8	14.5589767589849	2.85997577331965	0	2.3	16.7612352756575	405
WQ	2015	10	18	291	14.1	18.8	5.76059976592578	1.65454533348851	0	3.3	14.7386197946872	405
WQ	2015	10	19	292	9.3	21.3	5.70450665567922	1.15715174283451	0	1.1	15.3746764782076	405
WQ	2015	10	20	293	12.1	24.7	13.1823259937755	1.95387829134647	0	1.4	18.5461410787604	405
WQ	2015	10	21	294	11.4	18	5.59363895450293	0.760717726029545	0.3	3.2	16.8894850104287	405
WQ	2015	10	22	295	8.8	12.6	5.53890790717363	0.818728260314755	0.5	2.1	12.1808442060406	405
WQ	2015	10	23	296	9.2	13.4	5.48467406487057	0.773214504456906	0	1.3	13.235283948609	405
WQ	2015	10	24	297	4.7	17.3	5.43095863667009	0.917394277118318	0	1.5	12.5894425973679	405
WQ	2015	10	25	298	10.8	15.6	5.37778257914859	1.15958597379682	2.2	1.9	12.4242318101752	405
WQ	2015	10	26	299	8.9	14.5	5.32516658194099	1.05198408245863	4.6	2.1	11.7244967842561	405
WQ	2015	10	27	300	2.3	17.8	14.8813855149979	2.04517410262894	0	2.2	7.86346948344707	405
WQ	2015	10	28	301	4.3	15.9	14.8682991657704	1.85702594638121	0	1.9	7.64816784660605	405
WQ	2015	10	29	302	1.5	14.2	15.2502536359877	1.57773465873838	0	1.7	7.36082676563962	405
WQ	2015	10	30	303	0.6	15	14.3505593717806	1.56607140752134	0	1.7	7.38151532119204	405
WQ	2015	10	31	304	0.4	15.5	5.07119124929518	1.28434433481115	0	1.7	7.52797812877018	405
WQ	2015	11	1	305	7.1	16	12.7783961119528	1.99301125486509	0	3	8.90519278512128	405
WQ	2015	11	2	306	2.1	20.4	12.9703756344382	1.57714096492063	0	1.7	11.3424399805413	405
WQ	2015	11	3	307	7	20.1	13.638600861061	2.42849357596601	0	3.3	9.89622798715047	405
WQ	2015	11	4	308	6	19.8	13.0617558012963	1.72756393425848	0	1.9	11.0316320198074	405
WQ	2015	11	5	309	7.4	15.3	4.8341447383886	0.944897045361304	0	4.2	12.3188237922664	405
WQ	2015	11	6	310	1	7.8	4.78896586278025	0.367404512454127	12.7	5.6	8.48901526458866	405
WQ	2015	11	7	311	1.6	5.5	4.74457005154618	0.52950513068205	3.2	2.9	7.46794403024135	405
WQ	2015	11	8	312	3.1	6.5	4.70097348525019	0.576864474392954	2.2	1.2	8.04979307880916	405
WQ	2015	11	9	313	5.2	7.6	4.65819194105142	0.665307837499291	0	1.2	8.48520577676737	405
WQ	2015	11	10	314	4.8	8.4	4.61624078813178	0.641319181719085	0	1.2	8.8314953646648	405
WQ	2015	11	11	315	2.9	9.5	4.57513498382818	0.614549940240079	0	1.1	8.82620702228576	405
WQ	2015	11	12	316	4.4	11.7	4.53488907046221	0.659107166583459	0	1	9.95175994014819	405
WQ	2015	11	13	317	6.5	9.3	4.49551717285787	0.492741932279953	1.7	1.9	10.697567328115	405
WQ	2015	11	14	318	7.3	12.6	4.45703299653511	0.645354267578999	0.1	1.5	11.6640509774848	405
WQ	2015	11	15	319	7.3	11.8	4.41944982656481	0.558919625330744	0.2	1.7	11.7936069354334	405
WQ	2015	11	16	320	6.9	10.5	4.38278052706829	0.611762180057303	2.4	3.5	10.6441684966141	405
WQ	2015	11	17	321	2.7	10.1	4.34703754134211	0.753313760461721	0	3.4	8.60429462379111	405
WQ	2015	11	18	322	2.9	6.3	4.31223289258651	0.546362828994386	1.7	2.2	7.85272929073953	405
WQ	2015	11	19	323	5.3	7.6	4.27837818521362	0.620419463554289	0	1.6	8.60914490261161	405
WQ	2015	11	20	324	5.9	8.5	4.2454846067093	0.554514383911347	0	1.1	9.58098795224648	405
WQ	2015	11	21	325	3.3	7.3	4.21356293002044	0.369301217197915	0.4	3	8.98368713695544	405
WQ	2015	11	22	326	-2.7	3.9	4.18262351643714	0.248235741905251	26.8	4.9	6.54128096741594	405
WQ	2015	11	23	327	-3.2	-1.1	4.15267631893774	0.43614095310543	0.3	4.6	4.70683196202831	405
WQ	2015	11	24	328	-7.3	-2.7	4.12373088596242	0.439186155470878	3	3.2	3.62848125610217	405
WQ	2015	11	25	329	-10.4	-3.8	4.09579636557934	0.258228634512734	0.5	1.6	3.57890816679415	405
WQ	2015	11	26	330	-12.7	-3.4	10.979798765781	0.53514445115132	0	1.6	2.22148731857929	405
WQ	2015	11	27	331	-10.8	0.2	8.74244412029019	0.490912685037338	0	2.1	3.5513264119089	405
WQ	2015	11	28	332	-6.1	0.6	4.01814385221075	0.362481652885513	0	0.9	4.71619494751285	405
WQ	2015	11	29	333	-2.7	2.8	3.99433662005079	0.412068969609707	0	1.4	5.73978330829697	405
WQ	2015	11	30	334	-5.3	0.1	3.97158020371577	0.17651726886158	0	6.2	5.13468346141804	405
WQ	2015	12	1	335	0.1	1.2	3.94988145363632	0.373936146036571	0.3	0.5	6.40754003257504	405
WQ	2015	12	2	336	-2.7	6.8	10.432813812587	0.851213915341338	0	2.9	5.50887087154617	405
WQ	2015	12	3	337	-1.7	5.3	10.7196431322103	1.59846891106317	0	3.8	3.07446821406556	405
WQ	2015	12	4	338	-5.2	6.6	10.924841567306	0.96873934631348	0	2.3	4.09900646740458	405
WQ	2015	12	5	339	-4.7	7.5	9.25545600192628	0.737371187767162	0	1.5	4.91662619867958	405
WQ	2015	12	6	340	-4.6	8.2	10.5248364051451	0.594653408031048	0	1	5.62997131175031	405
WQ	2015	12	7	341	0.4	8	3.84223850372027	0.635381394643136	0	1	6.29584694111254	405
WQ	2015	12	8	342	0	9.7	3.82810543110229	0.616857419649037	0	1.5	7.52931948313753	405
WQ	2015	12	9	343	1.8	9.2	3.81507223077073	0.5055498685674	0	1.3	8.45967698836252	405
WQ	2015	12	10	344	0.1	6.1	3.80314268867029	0.492461322658266	0	2.1	7.0058820317931	405
WQ	2015	12	11	345	-1.7	6	10.0623966006863	0.584234623402331	0	1.4	5.74995232716379	405
WQ	2015	12	12	346	-3.9	6.3	10.3629410802793	0.5270765670408	0	1.2	5.6496072290244	405
WQ	2015	12	13	347	-2.9	6.4	3.77400919324935	0.521971721548684	0	0.7	5.38208333454415	405
WQ	2015	12	14	348	-0.1	7.7	3.76652593637303	0.728798705728674	0	1.8	6.21530591008863	405
WQ	2015	12	15	349	-3.3	6.4	10.6342291569983	1.52868611122506	0	4	3.38421706789781	405
WQ	2015	12	16	350	-3.2	3.5	9.98380877446452	1.53804920858394	0	3.6	2.2814016027046	405
WQ	2015	12	17	351	-9	4.7	10.6136254781637	0.814832577791895	0	2	3.25752285602524	405
WQ	2015	12	18	352	-6.4	6.6	10.607101650438	0.854617974066954	0	1.7	3.58577406328455	405
WQ	2015	12	19	353	-5.1	6.6	8.37052921342796	0.526257160310487	0	0.7	4.52614541287029	405
WQ	2015	12	20	354	-2.2	7.1	3.74516232038007	0.608549768572426	0	0.9	5.27302102103326	405
WQ	2015	12	21	355	-5.6	7.3	8.21065636620449	0.557661752500931	0	1.2	5.41520156646704	405
WQ	2015	12	22	356	-0.2	4.7	3.74703521214762	0.497838284251722	0	0.8	5.82471166710547	405
WQ	2015	12	23	357	-5	2.7	3.74966007131872	0.310787039025458	0	1	5.75665068174245	405
WQ	2015	12	24	358	-2.7	1.7	3.75341018047215	0.30387810730803	0	1.2	5.95667910610493	405
WQ	2015	12	25	359	-4.4	6.7	3.75828490906957	0.564970177271273	0	3.1	6.1153166457315	405
WQ	2015	12	26	360	-4.4	2.8	7.76520516427883	0.453572368792405	0	3.4	5.28587762861347	405
WQ	2015	12	27	361	-5.4	-0.9	8.97946250109127	0.525801034634121	0	1.2	3.13755393741961	405
WQ	2015	12	28	362	-7.9	4.9	9.47708636346648	0.527806312314663	0	1.3	4.51208658108291	405
WQ	2015	12	29	363	-3	6.1	9.01392571844829	0.611859211099911	0	2.4	5.86804136134506	405
WQ	2015	12	30	364	-4.7	7.9	7.34311644937173	0.530769058015042	0	0.9	5.83578065384941	405
WQ	2015	12	31	365	-5.7	8.4	8.73418562052528	0.800428538088145	0	2.2	5.33087233662363	405
