WQ	2019	1	1	1	-10.7	1	9.56712148512806	0.538598246105212	0	1.1	2.68813195161912	405
WQ	2019	1	2	2	-11.4	2.8	9.43302758034024	0.619523467578627	0	1.3	2.85736052680274	405
WQ	2019	1	3	3	-8.9	5.1	8.16194008413418	0.745696957074466	0	1.6	3.51064195241392	405
WQ	2019	1	4	4	-6.1	2.5	5.98862918318753	1.00151785566424	0	2.3	2.68454811918726	405
WQ	2019	1	5	5	-8.8	2.7	10.0198707071825	1.12486197050014	0	2.1	1.53101035256034	405
WQ	2019	1	6	6	-9.3	3.6	9.23726043816696	0.655675320949997	0	1.1	2.84081058048655	405
WQ	2019	1	7	7	-8.1	4.6	9.27461151718405	0.684101972954786	0	1.1	3.12705919429437	405
WQ	2019	1	8	8	-8.8	1.7	9.80974788672404	1.03919650739289	0	2.3	1.95920469149154	405
WQ	2019	1	9	9	-8.4	1.9	9.10665823076988	0.77823734909738	0	1.4	2.25432489507321	405
WQ	2019	1	10	10	-5.7	2.7	6.48509252840505	0.584733288493853	0	2.2	4.50730672054946	405
WQ	2019	1	11	11	-4.9	4.4	4.01114431379192	0.476900346912199	0	1.7	5.48460890617801	405
WQ	2019	1	12	12	-8.2	4.6	4.03580371536335	0.391786611247471	0	1.6	5.41623818672267	405
WQ	2019	1	13	13	-5.4	3.2	6.92779115705279	0.387993438025962	0	1.3	5.65028671519396	405
WQ	2019	1	14	14	-7.7	5.2	9.08440125026635	0.497900869417405	0	1.3	5.33671908724933	405
WQ	2019	1	15	15	-7.6	-1	11.4322216493515	1.61778990503241	0	4.2	1.00395838727236	405
WQ	2019	1	16	16	-10.4	3.4	11.5813244011695	1.17957225880651	0	2.2	1.69011560085927	405
WQ	2019	1	17	17	-10.2	7.9	11.3039337075348	1.13083198885873	0	1.7	2.69338907890871	405
WQ	2019	1	18	18	-5.9	8.2	7.22694712340939	1.15969270159668	0	2.2	3.92389746837274	405
WQ	2019	1	19	19	-0.5	5.1	9.09642760118159	1.33369919715323	0	2.7	3.5950001752703	405
WQ	2019	1	20	20	-6.4	5.3	11.5097876763298	1.14046438723792	0	2.1	2.91915701019463	405
WQ	2019	1	21	21	-5.9	8.9	12.1085440910759	1.57086376098385	0	2.5	2.83711239297592	405
WQ	2019	1	22	22	-5.2	12.6	11.921471448012	1.64384093021841	0	2.1	3.46662335099838	405
WQ	2019	1	23	23	-6.2	12.5	11.9994123855462	1.41632152714393	0	1.6	3.3925113186759	405
WQ	2019	1	24	24	-5.4	11.2	10.7418459337252	1.18509164275148	0	2	5.21646381083858	405
WQ	2019	1	25	25	-3.8	5.7	12.250651095093	1.22391365338999	0	3	4.06218256302488	405
WQ	2019	1	26	26	-9.3	7	12.1543296627791	0.902411480685899	0	1.1	3.25957686892118	405
WQ	2019	1	27	27	-5.5	6.5	7.43047305696824	1.55868493918303	0	3.2	2.95286889566919	405
WQ	2019	1	28	28	-5.9	8	12.1431380785418	1.1268711053489	0	1.4	3.29853463763618	405
WQ	2019	1	29	29	-5.2	9.1	4.60878196292312	1.46127694561072	0	2.4	3.45545555557491	405
WQ	2019	1	30	30	-2.8	7.4	7.0529882335656	1.27270819610195	0	3	4.58008949546284	405
WQ	2019	1	31	31	-4.3	1.9	7.38969929326185	1.13888091997069	0	2	2.40388839680999	405
WQ	2019	2	1	32	-7.2	9	13.0625948532402	1.33561105370151	0	3.6	4.88755772824493	405
WQ	2019	2	2	33	-0.3	5.6	5.81778424862414	0.925922349364174	0	4.2	5.95312321627205	405
WQ	2019	2	3	34	-3.1	9.1	9.84808567329764	1.11916288728384	0	2	5.41801491303372	405
WQ	2019	2	4	35	-4	12.6	12.5000689630174	1.84924091409151	0	2.9	4.68755654266074	405
WQ	2019	2	5	36	-3.1	7.9	7.99107263313496	1.02460152085693	0	2.5	5.58528363284394	405
WQ	2019	2	6	37	-2.5	0	4.96895475490414	0.669172738041686	0	4.4	4.64388080191856	405
WQ	2019	2	7	38	-8.3	-1.8	13.5689464678687	1.39824149739785	0	3.7	1.55141735008407	405
WQ	2019	2	8	39	-7.1	-1.7	5.45796142539453	0.94907372783093	0	1.5	1.48137707059339	405
WQ	2019	2	9	40	-8.2	-0.6	11.4169325087044	1.25687766857308	0	2.5	1.59920031659796	405
WQ	2019	2	10	41	-6.2	-0.6	5.16733666493074	0.910221764104591	0	1.5	2.08323530471819	405
WQ	2019	2	11	42	-6.4	4.3	12.399077077039	0.927108106665585	0	2.1	4.53391859932077	405
WQ	2019	2	12	43	-3.4	2.3	5.27059439965046	0.752383629484063	0	2.6	4.66492002861682	405
WQ	2019	2	13	44	-3.8	-1.3	5.32317145683023	0.579597281252451	0.4	3.9	4.37103020433663	405
WQ	2019	2	14	45	-4.8	-2.3	5.37635358842764	0.577211573085782	2.5	2.5	3.91523342600894	405
WQ	2019	2	15	46	-8.8	1.4	13.7208786970526	0.8259258936434	0	2.1	3.9104839757956	405
WQ	2019	2	16	47	-10.3	4	15.786502436788	1.14325563347519	0	1.6	3.00367278656875	405
WQ	2019	2	17	48	-8	6.3	15.1823768644129	1.34864969815788	0	1.7	3.15823913062568	405
WQ	2019	2	18	49	-3.6	6.1	6.74266718130958	1.14738233355697	0	2.1	4.22918554762515	405
WQ	2019	2	19	50	-1.8	0.2	5.65060458661798	0.527744171918265	0.2	1.9	5.4285796558768	405
WQ	2019	2	20	51	-3.7	6.2	11.9436413490612	0.958650166164964	0	1.5	5.862957912474	405
WQ	2019	2	21	52	-5.3	8.4	10.9764994921964	0.972176048614872	0	1.3	6.13179821982906	405
WQ	2019	2	22	53	-4.6	10.9	13.2080581551383	1.24020605094781	0	1	5.90973775574497	405
WQ	2019	2	23	54	-4	13.5	15.0361860018969	1.57528845832213	0	1.2	5.7049231717193	405
WQ	2019	2	24	55	-2.5	14.4	12.5498896643038	1.62497326212344	0	1.3	5.69427723270335	405
WQ	2019	2	25	56	0.5	13	15.4858957426472	2.06266305933298	0	1.9	4.79510526769203	405
WQ	2019	2	26	57	1.6	9.1	7.04179145680946	1.36067299790052	0	1.4	4.69591279490626	405
WQ	2019	2	27	58	1.5	11.3	6.1129667365085	1.25243342302499	0	1.7	6.66570020568162	405
WQ	2019	2	28	59	-0.8	14.5	15.9503889036073	1.86800612729692	0	2.1	7.35028574940602	405
WQ	2019	3	1	60	0	15.3	15.510240059267	1.8985629558892	0	1.9	7.63543266024915	405
WQ	2019	3	2	61	0	15.9	15.7381976554144	1.82392074403127	0	1.3	7.85689166935645	405
WQ	2019	3	3	62	3.4	14.4	15.4018910231775	2.33488629651114	0	3	7.01836569039973	405
WQ	2019	3	4	63	2.8	16.8	15.2878128374291	2.24430895471639	0	2.8	8.6462455331184	405
WQ	2019	3	5	64	5.2	17.2	13.9120383969657	2.07947522623055	0	2.1	9.53741677021364	405
WQ	2019	3	6	65	4.4	12.8	18.6199222662594	3.4504534684642	0	4.2	3.81930764797093	405
WQ	2019	3	7	66	-2.7	13.3	18.9809776623163	2.08352143419029	0	1.9	5.88154552489883	405
WQ	2019	3	8	67	-0.6	14.9	18.995065371637	2.90432670383164	0	3.2	4.89992721511786	405
WQ	2019	3	9	68	4.7	15.5	14.9102115117835	2.617457062496	0	2.2	5.49199195450402	405
WQ	2019	3	10	69	1.6	16.8	16.4286110300853	2.40023793802643	0	2	7.01730207588779	405
WQ	2019	3	11	70	2.9	17.8	19.6188136810381	3.13515518053912	0	3.3	7.11598287031608	405
WQ	2019	3	12	71	2.2	12.3	19.9860325385185	3.26860200411212	0	3.1	2.68294606092934	405
WQ	2019	3	13	72	-1.3	16.5	20.1159418154943	3.18114000316053	0	2.4	3.40556701277411	405
WQ	2019	3	14	73	0.8	17.7	20.2451766055288	3.01680878393099	0	1.9	4.4099005401411	405
WQ	2019	3	15	74	2.6	14.9	20.2528453473471	3.24503375181149	0	2.6	3.64638019028135	405
WQ	2019	3	16	75	4.1	21.3	20.2585183838825	3.79298439215605	0	2.7	6.03397432297615	405
WQ	2019	3	17	76	3.1	21.7	18.9196179963194	3.54346472793464	0	2.4	6.38234921145106	405
WQ	2019	3	18	77	11.2	22.1	13.7635702690625	4.22406360561762	0	4.8	9.37733994333911	405
WQ	2019	3	19	78	12.4	23.7	18.66123375001	4.47151076321112	0	5.2	12.0191398920543	405
WQ	2019	3	20	79	13.9	22.4	15.4319115257179	3.36964440190836	0	2.4	11.1730911495743	405
WQ	2019	3	21	80	7.2	19	20.1315594403452	4.58365876488468	0	4.8	5.78356922909422	405
WQ	2019	3	22	81	0	15.8	21.123752416667	3.16884892309783	0	2.4	4.33077890703609	405
WQ	2019	3	23	82	3.2	12.3	21.8716920742781	3.69380148607685	0	3.4	2.52901248050802	405
WQ	2019	3	24	83	0.7	19.9	20.9851884553168	4.05316573151089	0	3.6	5.48797369572827	405
WQ	2019	3	25	84	7.4	24.3	21.6080408921273	4.44750896068307	0	3.2	8.74573308290542	405
WQ	2019	3	26	85	6.9	26	20.8354610944849	4.42938858018367	0	3.1	10.019811169046	405
WQ	2019	3	27	86	9	21.8	20.5649187400224	4.27290006600878	0	4	9.21183434119637	405
WQ	2019	3	28	87	6.6	11.1	17.8546616578356	4.09775401165889	0	5.4	3.32939858611413	405
WQ	2019	3	29	88	2	16.6	20.6543042493863	2.85578301874458	0	1.7	6.48698390446389	405
WQ	2019	3	30	89	4.9	12.9	22.9570619270426	4.58657931236756	0	4.8	2.23652996386917	405
WQ	2019	3	31	90	-0.6	16	22.9410475825353	3.26748890727644	0	1.9	3.60438683502649	405
WQ	2019	4	1	91	2.5	16.9	22.532133830582	3.82089017026689	0	2.8	4.11800514465967	405
WQ	2019	4	2	92	2.5	18.5	21.8567072230604	3.70379804954591	0	2.5	5.14992818429962	405
WQ	2019	4	3	93	1.4	20.9	22.6161832863066	3.81739097319125	0	2.5	6.61012804380139	405
WQ	2019	4	4	94	10.6	24.2	22.063355942664	5.04193470081049	0	5.1	10.9602613983049	405
WQ	2019	4	5	95	9.7	24.1	22.2964463018179	4.91074446542751	0	3.7	9.04154205075844	405
WQ	2019	4	6	96	9.3	18.5	21.0723772058667	4.39478576830518	0	4.1	6.93275864838558	405
WQ	2019	4	7	97	6.7	21.3	21.8308229664825	3.94384808390252	0	2.7	8.43506764833814	405
WQ	2019	4	8	98	7.8	15.6	11.1326984558131	3.32724930470668	0	4.1	6.36882949437731	405
WQ	2019	4	9	99	3.4	11.4	8.52037111336528	3.19798113487642	15	4.3	3.29774532968197	405
WQ	2019	4	10	100	1.8	15.8	21.70876778856	2.76399597478729	0	2	8.3441578429649	405
WQ	2019	4	11	101	8.2	14.9	15.0764814132142	2.18387639977065	1.8	1.3	10.7101898556989	405
WQ	2019	4	12	102	2.6	19.6	22.8290942068391	3.11387380942261	0	2.8	10.8631003032977	405
WQ	2019	4	13	103	9.8	18.6	12.9153442391694	2.41127586099229	0	2.9	12.5803310290044	405
WQ	2019	4	14	104	8.7	21.8	25.0374714427483	4.58474985302039	0	2.4	6.53952495261848	405
WQ	2019	4	15	105	10.2	23.7	24.1769117065229	5.85153746621562	0	5	7.93273660714393	405
WQ	2019	4	16	106	12	25.3	18.6790169875916	4.51036320775675	0	3.8	12.4939569521468	405
WQ	2019	4	17	107	14.6	28.1	24.0748747964268	5.89646569598905	0	6.2	15.8453609101261	405
WQ	2019	4	18	108	13.3	24.9	21.2834530927517	5.62014751875031	0	5.5	11.2233009411434	405
WQ	2019	4	19	109	10.1	17.4	11.6199644889197	3.59668925338175	0	3.3	6.28604478710125	405
WQ	2019	4	20	110	11.1	20.5	14.0080932726946	2.83841296364865	0	1.6	10.8260096613354	405
WQ	2019	4	21	111	11	19.7	21.7767855298375	3.42898097494829	0.6	2.5	12.9885210366178	405
WQ	2019	4	22	112	9.6	25.4	20.0527663042132	3.48831640152626	0	1.8	15.9821124226288	405
WQ	2019	4	23	113	17	22.6	9.6084768408749	2.23263223528702	0	2.2	18.7196396044875	405
WQ	2019	4	24	114	13.5	24.2	9.23679214263327	2.62816204577951	0	2.8	15.9858757136241	405
WQ	2019	4	25	115	6.3	13.5	14.1369845415568	2.04096806109179	15.5	3.5	10.1338173496844	405
WQ	2019	4	26	116	6.6	17	25.0318868028358	3.35810981180165	7.6	1.9	10.3390228701789	405
WQ	2019	4	27	117	7.1	12.7	9.91910759413904	1.55979685012698	2	1.2	10.5289036327587	405
WQ	2019	4	28	118	3.9	16.8	18.8878164392589	2.53920498458673	0	1.3	10.7473987947936	405
WQ	2019	4	29	119	8.7	22.4	24.251000689362	3.84164909218832	0	2.1	13.2275825568241	405
WQ	2019	4	30	120	12.3	24.9	23.6122851298989	4.81775000606161	0	3.1	12.3646745258621	405
WQ	2019	5	1	121	11.1	28	27.0332980408704	5.80453007688092	0	2.4	7.39702400179282	405
WQ	2019	5	2	122	11.2	28.6	27.0945804796277	5.71788296109356	0	2.5	10.2263409032461	405
WQ	2019	5	3	123	11.4	28	22.2369973145118	5.00082506715961	0	2.9	13.0762937546548	405
WQ	2019	5	4	124	14.9	25.7	19.3347188140707	4.99600119886732	0	3.5	11.9920424745596	405
WQ	2019	5	5	125	12.7	21.7	19.6631007532024	4.19993280368316	0	3.5	11.5841112430468	405
WQ	2019	5	6	126	7.6	22.7	26.0535313392954	4.57839482675097	0	1.9	7.41536847065577	405
WQ	2019	5	7	127	10.2	25.9	26.5283344989744	5.48459184686153	0	2.8	9.17227474107415	405
WQ	2019	5	8	128	13.4	23.3	13.5797701555158	4.2560586672749	0	3.7	10.5557638153143	405
WQ	2019	5	9	129	12.5	28.7	26.3443066267909	5.57283741831284	0	2.7	13.1962748380565	405
WQ	2019	5	10	130	15.1	25.6	17.1895841083689	4.15915244972864	0	3.1	14.9973827324366	405
WQ	2019	5	11	131	12.1	29	26.1529471319334	4.83038825787313	0	1.5	16.5234260343378	405
WQ	2019	5	12	132	16.4	29.6	22.0840628034321	5.32243686861164	0	3.3	17.1340511241054	405
WQ	2019	5	13	133	10.1	23.8	26.6641541713852	5.40054832202205	0	2.5	6.27674974118089	405
WQ	2019	5	14	134	11.2	27.7	20.5979448372439	4.80856021170674	0	3	13.3683793916218	405
WQ	2019	5	15	135	16.6	29.4	24.6124690848014	5.55416016611366	0	3.8	18.5639168735269	405
WQ	2019	5	16	136	19.6	30.8	23.9378599899012	5.53846568459938	0	3.8	22.5210345212779	405
WQ	2019	5	17	137	20.5	31.2	26.6764046104976	5.75881856629271	0	2.9	23.6491789481607	405
WQ	2019	5	18	138	17.1	26.9	15.3200681221758	3.40521643072428	0	2	19.7802717619224	405
WQ	2019	5	19	139	17.5	26.7	23.0407677972249	5.96301354797988	0	4.2	13.2073331033623	405
WQ	2019	5	20	140	12.9	26.9	28.772819780206	7.24381092342782	0	4	6.03897383024785	405
WQ	2019	5	21	141	15.3	31.5	28.8046698840547	6.58156242453049	0	2.3	9.54094919773017	405
WQ	2019	5	22	142	14.1	35.5	28.4071072826409	6.67345954175632	0	2.1	13.6695548756568	405
WQ	2019	5	23	143	21.2	39.1	28.1505597328155	8.03422537861502	0	2.7	13.8428754014361	405
WQ	2019	5	24	144	22.9	32	15.7553824193459	7.00174904546249	0	4.7	13.9624405505768	405
WQ	2019	5	25	145	20.3	33.9	27.4900287720875	6.74486434165	0	3	20.3302009449754	405
WQ	2019	5	26	146	21.2	32.3	21.2276988090726	5.3933527431776	0.4	4.1	25.3702650615378	405
WQ	2019	5	27	147	16.8	27.2	27.1093556735289	6.16014325423828	6.8	3.5	13.2496655928831	405
WQ	2019	5	28	148	16.3	31.7	28.5611450669584	7.24462820645779	0	3.3	11.4243199519809	405
WQ	2019	5	29	149	14.7	32.3	28.0104047713628	7.36618345619264	0	4	13.3427610625035	405
WQ	2019	5	30	150	21.5	29.4	23.0240874287502	6.59619094138213	0	3.9	14.6599813245529	405
WQ	2019	5	31	151	16.3	30.1	27.9060624518699	6.35009655301651	0	2.1	7.34506290449579	405
WQ	2019	6	1	152	19	31	20.9122116507441	5.49310132086864	1.1	3.1	18.3974603312613	405
WQ	2019	6	2	153	20.4	34.5	27.2245680101143	7.42487213931279	0	3.9	19.2715929671083	405
WQ	2019	6	3	154	22.6	34.2	28.3848998023607	7.62513492381117	0	3.1	15.4298273482728	405
WQ	2019	6	4	155	19.3	32.2	19.3806917353458	4.98177771283487	0	3.1	22.9048153422995	405
WQ	2019	6	5	156	20.5	27.8	11.8051898890468	2.99421388814649	4.5	3	24.5911048848716	405
WQ	2019	6	6	157	19.9	26	10.3841319216454	2.64094650335638	12.5	2.3	22.4568780900738	405
WQ	2019	6	7	158	16.3	30.8	22.135428869475	4.85954224350996	0	2.6	21.4033867440382	405
WQ	2019	6	8	159	21	35.8	28.1593962560523	6.71890670051872	0	2.1	20.9077984553422	405
WQ	2019	6	9	160	21.1	30.3	29.3140402981412	7.47654159979727	0	3.6	13.2969488698013	405
WQ	2019	6	10	161	16.5	34.5	28.4628530280016	6.43843564421956	0	1.9	15.7945917340266	405
WQ	2019	6	11	162	19.1	36.8	28.3266677789016	7.01959103901627	0	2.3	18.940323216412	405
WQ	2019	6	12	163	23	37.5	26.041382098991	8.11911381329508	0	3.5	17.1257617389874	405
WQ	2019	6	13	164	22.8	35.8	18.4565801868432	5.85693154489608	0	2.4	17.7360776976519	405
WQ	2019	6	14	165	20.4	36.7	28.0554270510216	6.71765445441379	0	2	21.4245396653213	405
WQ	2019	6	15	166	22	34.5	20.1827537169167	6.25150974258206	0	3.3	19.877038882433	405
WQ	2019	6	16	167	22.4	30.7	19.0397955881565	6.30229824068809	0	4.5	17.8137785963558	405
WQ	2019	6	17	168	17.8	32.8	19.0415621291615	5.29763354806248	0	3.1	19.9846797362838	405
WQ	2019	6	18	169	21.2	37.4	27.775919317562	6.62424320410199	0	1.8	23.219414160906	405
WQ	2019	6	19	170	24.9	37.2	21.7625989454028	6.07345752865614	0	2.1	23.2565046584017	405
WQ	2019	6	20	171	24.7	33.7	12.1707717810212	3.13600895770833	0	0.8	27.9479117115453	405
WQ	2019	6	21	172	23.9	34.6	18.7539513647314	5.24239194114251	0	2.5	25.3968385538893	405
WQ	2019	6	22	173	21	34.7	23.4743939983472	5.67503297289272	0	1.6	18.439383735393	405
WQ	2019	6	23	174	20.8	37.1	26.1894762432741	6.27030643756723	0	1.5	17.09309453111	405
WQ	2019	6	24	175	23.6	37.8	26.4706002015749	7.20699231803334	0	2.3	17.9862957752976	405
WQ	2019	6	25	176	24.3	35	22.7450484457968	7.11730982635926	0	3.5	19.0536564981789	405
WQ	2019	6	26	177	22.1	33.6	22.7387127166666	5.73460509150984	0	2	19.2619484882592	405
WQ	2019	6	27	178	23.6	35.2	20.0142073445901	5.54432445312213	0	1.9	19.3458527852773	405
WQ	2019	6	28	179	24.8	30.8	10.4262069047423	3.450909384664	0	2	23.4729715868969	405
WQ	2019	6	29	180	19.7	35.9	25.5737233399368	6.29300887555176	0	2.5	23.79069237188	405
WQ	2019	6	30	181	23.6	33.6	29.5655268359308	7.87482328645268	0	3	12.9839255301903	405
WQ	2019	7	1	182	20	35.9	29.6962610943293	6.64221981106653	0	1.6	18.9675478266901	405
WQ	2019	7	2	183	22.9	38.9	24.539557529917	7.70852782643118	0.4	3.7	23.3916348633277	405
WQ	2019	7	3	184	21.9	36.4	29.097532129498	6.5968086877007	0.4	1.6	23.9263442936386	405
WQ	2019	7	4	185	22	36.9	23.2273982286631	6.10124425401529	0	2.1	22.6558557154253	405
WQ	2019	7	5	186	26.5	39	24.497809381917	8.72268117348738	0	5.2	25.6112015396135	405
WQ	2019	7	6	187	19.4	27.7	12.207136350052	2.66816680420067	54.1	3.4	26.2558312853571	405
WQ	2019	7	7	188	19.8	25.8	11.765858102796	2.44633525566123	3.6	0.2	22.8071326502484	405
WQ	2019	7	8	189	19.9	28.9	15.3181599490667	3.42991664183829	0	1.4	23.3338018390851	405
WQ	2019	7	9	190	22.2	30.8	13.0207892948736	3.19427860885577	0	1.4	26.6925928442144	405
WQ	2019	7	10	191	20.9	27.2	10.7241388291749	2.38568856254798	1.6	1.4	26.7482967274519	405
WQ	2019	7	11	192	19.8	30.7	21.6808894987429	4.33742652566847	0	0.6	24.8858939464228	405
WQ	2019	7	12	193	20.1	33.1	22.5148780072241	5.00351670450078	0	1.6	24.4570478609316	405
WQ	2019	7	13	194	21.1	34.8	27.3341398056161	5.98724056296325	0	1.6	25.8020710310725	405
WQ	2019	7	14	195	25	32.2	20.7619036386018	5.20754224908292	0	2.9	27.5191150355558	405
WQ	2019	7	15	196	22.7	34.9	23.5839959568992	5.399051950792	0	1.4	25.8866749137542	405
WQ	2019	7	16	197	23	35	16.1639422536147	3.43518680110983	0	0.1	24.4531446965903	405
WQ	2019	7	17	198	22.7	30.4	10.1713737648107	2.57438103959276	2.3	1.1	27.6909838306245	405
WQ	2019	7	18	199	23.9	33.5	16.2590756387975	3.85886455611005	0	1.1	29.3004201161667	405
WQ	2019	7	19	200	23.4	34	25.0370985790001	5.55488040255239	0	1.4	26.6415191075093	405
WQ	2019	7	20	201	24	33	11.6675499522521	2.92261122418231	10.1	1	30.8541513001738	405
WQ	2019	7	21	202	21.9	35.6	23.4143687502319	5.145722819164	0.1	1.2	32.0708758937003	405
WQ	2019	7	22	203	25.8	35.6	12.4691478525297	3.51509705640514	0.3	1.7	33.3381797131923	405
WQ	2019	7	23	204	26.1	34.1	21.0827519213172	5.04758917976211	37.1	2.5	33.6116961890544	405
WQ	2019	7	24	205	25.1	36.5	27.4190204412987	6.21701355716592	0	1.6	34.3827159828482	405
WQ	2019	7	25	206	28.6	34	16.4899348193397	3.9820770226343	0	1	35.5480876078779	405
WQ	2019	7	26	207	24.8	36.4	27.3404565354369	6.25923138715978	0	1.8	32.670171492271	405
WQ	2019	7	27	208	26.4	36.2	19.1086820152354	4.68669195262761	0	1.3	33.0688673928291	405
WQ	2019	7	28	209	25.7	35.6	24.9989198140432	5.80392220321666	0	1.9	33.2665805767755	405
WQ	2019	7	29	210	23.9	33.6	11.9871523010834	2.80578352205179	42.3	1.7	36.7559309605073	405
WQ	2019	7	30	211	23.2	33.4	22.3781632887634	4.77733661631013	0	2.6	33.9477905543782	405
WQ	2019	7	31	212	24	34.4	24.5872075242889	5.38072140594063	0	2.2	34.1123262911138	405
WQ	2019	8	1	213	24.3	34.5	22.1516420227785	5.05834272516845	0	1.5	30.2006225434796	405
WQ	2019	8	2	214	22.8	31.4	10.4515596966783	2.43812301450912	25	1.3	32.8033910481654	405
WQ	2019	8	3	215	22.1	30.3	17.4319008410969	3.73113748480117	0	1.5	28.25569460777	405
WQ	2019	8	4	216	24.7	31.5	11.3649095903822	2.7609930045623	0.8	1.8	33.2548189008096	405
WQ	2019	8	5	217	24.5	32	13.8479990890544	3.13944309208848	10.7	1.1	33.6665251227166	405
WQ	2019	8	6	218	24.1	31.6	10.872752344106	2.59864019404411	0.1	1.1	32.5134529517696	405
WQ	2019	8	7	219	25.2	30.4	10.5564839709847	2.50266905410877	0	1	32.4525423864851	405
WQ	2019	8	8	220	22.9	32.5	21.8115434848577	4.52871851966779	0	0.8	31.5014016555034	405
WQ	2019	8	9	221	24	33.4	11.5945539853295	2.88118670080876	79.6	1.9	34.5441274948893	405
WQ	2019	8	10	222	21.9	27.3	9.46865597580795	2.08258460542521	49.6	2	28.7795903752277	405
WQ	2019	8	11	223	22.3	24.7	9.43037567096839	1.79865136659986	17.9	4.1	27.8605174279339	405
WQ	2019	8	12	224	21.1	26.9	9.39140049781413	2.28101612251166	54.9	5.5	26.9082574470263	405
WQ	2019	8	13	225	21.5	27.7	12.2576160094389	2.87072137640624	0	2.5	25.7431747165264	405
WQ	2019	8	14	226	20.7	31.1	24.3691355883354	4.87497846356463	0	1.8	26.7951385813566	405
WQ	2019	8	15	227	20.3	33.1	25.9569479279262	5.19612786961501	0	1.2	27.901840623047	405
WQ	2019	8	16	228	19.6	28.8	20.654332965828	4.2023957966539	18.4	2.6	24.0263808497528	405
WQ	2019	8	17	229	18.8	30.4	26.3617427422232	5.44624762935666	0	2.4	20.1856979854452	405
WQ	2019	8	18	230	17.8	31.9	22.857266824482	4.6056384181212	0	1.4	23.0049060408367	405
WQ	2019	8	19	231	19.3	31.7	24.2919374938813	4.919146969554	0	1.8	24.5433449833642	405
WQ	2019	8	20	232	20.4	29.4	13.6991895228009	3.70141139155795	0	2.8	22.0864631195948	405
WQ	2019	8	21	233	21.6	30.5	24.6845923336565	4.81699198037176	0	1.1	24.6598337652078	405
WQ	2019	8	22	234	19.1	30.5	14.9486439782213	3.30264206892806	0	1.2	23.0209663407761	405
WQ	2019	8	23	235	19.5	32	22.8948910069542	4.63014616177375	0	1.2	22.1182148163131	405
WQ	2019	8	24	236	21.9	27.6	8.87148151512763	2.34080373189605	0	1	21.4901787355221	405
WQ	2019	8	25	237	21.9	25.5	8.82400839803479	2.0920679589005	0	1.1	23.8594226275699	405
WQ	2019	8	26	238	22.3	27.6	8.91065689345716	2.09727692070339	0	0.7	25.2225137276493	405
WQ	2019	8	27	239	21.7	31.7	21.3589023607882	4.38279892706367	0	1.3	26.5381651377205	405
WQ	2019	8	28	240	20.4	33.2	24.4932821343392	5.40016785173658	0	2.5	24.3219065434082	405
WQ	2019	8	29	241	17.2	28.2	25.0692553253174	4.78679966278174	0	1.6	14.1771643053007	405
WQ	2019	8	30	242	18.1	30.2	24.5735168579258	4.57239686459084	0	1.1	19.1069569836449	405
WQ	2019	8	31	243	15.7	30.6	24.7429710368927	4.26098384236296	0	0.5	19.4513375005755	405
WQ	2019	9	1	244	17.3	31.5	22.2586314426904	4.04188292596078	0	0.5	21.7699210120381	405
WQ	2019	9	2	245	18.1	31.4	22.826013885886	4.30008554933171	0	1	24.0225117673636	405
WQ	2019	9	3	246	18.7	31.1	23.3878717923732	4.41128951493691	0	1.1	23.3619202721778	405
WQ	2019	9	4	247	17.6	29.5	17.1158880911584	3.33991334296968	0	0.9	20.860808840829	405
WQ	2019	9	5	248	17.7	31.5	22.5312255883381	4.27293945859378	0	1.1	22.2689411612975	405
WQ	2019	9	6	249	18.6	31.6	22.6909319026304	4.25264637899806	0	0.9	23.7702590792517	405
WQ	2019	9	7	250	19.6	32.5	22.3273875470238	4.47974698707084	0	1.5	25.101246461321	405
WQ	2019	9	8	251	18.5	33.6	22.4824519892051	4.51291017560063	0	1.4	25.2943917696232	405
WQ	2019	9	9	252	20.3	33.2	21.0850956091851	4.20932220272493	0	1	25.3943024274115	405
WQ	2019	9	10	253	22.5	27.7	7.99044733427066	2.78328251645077	0	3.1	23.1839675551505	405
WQ	2019	9	11	254	18.7	22.7	7.93438199763169	1.71939463302751	2.6	1.1	20.8907203283735	405
WQ	2019	9	12	255	17.3	19.9	7.87793932580285	1.60439286074647	2.9	0.9	18.2695711435823	405
WQ	2019	9	13	256	18.8	25.4	9.0928354722784	1.92685795473305	17.4	1.3	23.2809184425909	405
WQ	2019	9	14	257	18.7	28	8.27065562596378	1.69059853010593	0	0	23.4493027590802	405
WQ	2019	9	15	258	19.1	25.6	7.83267281512926	2.23120911661497	0	1.8	19.5033833534294	405
WQ	2019	9	16	259	15.3	26.6	16.0662638311908	2.85889015311862	0	1.8	21.4064558263608	405
WQ	2019	9	17	260	16.9	25.4	8.09109781702205	1.83905015841427	0	1.1	20.4196270704676	405
WQ	2019	9	18	261	16.1	25.5	21.3597086568727	3.76971364178394	0	1.9	16.2985275640031	405
WQ	2019	9	19	262	11.5	22.8	7.47374284240325	2.02095872130123	0	1.5	13.0177435937253	405
WQ	2019	9	20	263	15.2	22.9	7.41492168285236	1.73751488924881	0	1.4	17.6276826518481	405
WQ	2019	9	21	264	15.5	27.4	18.1726810107143	3.29344012443411	0	1.8	19.749750537077	405
WQ	2019	9	22	265	13.4	26.8	15.9836973685839	2.73462250846583	0	1.4	20.2445335446795	405
WQ	2019	9	23	266	12.3	30	20.2677402899344	3.45089641164078	0	1.2	20.1413384442578	405
WQ	2019	9	24	267	14.5	32.8	20.3886191374032	3.88526081222582	0	1.6	22.856978463702	405
WQ	2019	9	25	268	15.5	30.7	16.887871661295	3.21388591475447	0	1.2	20.6944639703451	405
WQ	2019	9	26	269	13.3	30.3	20.260799213959	3.4453030557718	0	1	18.1165335968972	405
WQ	2019	9	27	270	13.1	30.1	18.8214573941112	3.14605438596249	0	0.8	19.6352028076297	405
WQ	2019	9	28	271	16	30.7	18.2264422994907	3.53108715250388	0	1.7	20.8862976412693	405
WQ	2019	9	29	272	16.9	31.2	18.5813980425258	4.13750417782357	0	2.9	20.7023462051566	405
WQ	2019	9	30	273	18.1	30.5	17.5197484768996	3.92235595790266	0	2.4	19.3298458176981	405
WQ	2019	10	1	274	16.8	30.5	14.1279869067566	2.9875578786025	0	1.4	19.7806927972834	405
WQ	2019	10	2	275	15.7	30.8	14.1449998251656	2.76308583789196	0	1	19.9213661769103	405
WQ	2019	10	3	276	14.7	32.2	13.8133477231489	2.61643686318844	0	0.7	20.0925376945788	405
WQ	2019	10	4	277	10.9	23.7	16.47633910498	2.40660775054962	7	4.9	18.2088708472935	405
WQ	2019	10	5	278	9.5	18.3	13.7293601752372	2.38719294643245	0	2.3	10.3655967074841	405
WQ	2019	10	6	279	8	16	15.1088451083898	1.84270596154082	0.5	0.9	10.9860109241934	405
WQ	2019	10	7	280	8.3	21.1	15.3398417378002	2.15842952349831	0	2	14.208974755392	405
WQ	2019	10	8	281	10.5	22.7	14.2166624441844	2.34943662696799	0	1.8	14.1000248126312	405
WQ	2019	10	9	282	8.9	24.2	15.3425184375632	2.24078698731745	0.6	1.8	16.8490267402278	405
WQ	2019	10	10	283	14	19	16.1204086748137	2.05997516153285	2	1.5	16.8921919157331	405
WQ	2019	10	11	284	14.3	22.5	15.1189114063394	2.30125301072922	0	2.1	17.6401052671957	405
WQ	2019	10	12	285	12	22.6	14.6775362367599	2.32451570924345	0	2.6	16.1645032469637	405
WQ	2019	10	13	286	10.9	21.4	14.1310224748584	2.27652661408996	0	2.5	14.2553020989332	405
WQ	2019	10	14	287	6.8	15	12.0697656680488	2.31452922864044	0	3	7.54188068994753	405
WQ	2019	10	15	288	0.8	17.9	13.1624384992794	1.49637921328452	0	0.6	9.03943227750976	405
WQ	2019	10	16	289	8.2	13	13.7045731865364	1.47382173719178	0.2	0.5	9.43612731375971	405
WQ	2019	10	17	290	9.2	16.4	13.8127192452148	1.4805863118617	0	0	11.3584900358361	405
WQ	2019	10	18	291	8.6	20	13.9186388510337	1.63310934321124	0	0.3	13.3043867868404	405
WQ	2019	10	19	292	8.7	23	13.4959364110885	2.02302245660079	0	1.7	14.5574173355258	405
WQ	2019	10	20	293	11.5	21.6	13.1823259937755	2.20281157345776	0	1.7	12.2051293698865	405
WQ	2019	10	21	294	6.6	24.1	12.0400986175496	1.59414386668622	0	0.5	15.1108748037005	405
WQ	2019	10	22	295	9	24.1	13.3912591636188	1.81634649018759	0	0.9	15.9772498359369	405
WQ	2019	10	23	296	11	24.2	13.3900946396262	1.94662496932649	0	1.3	16.4640318379749	405
WQ	2019	10	24	297	11.2	22.1	13.1843027457177	1.51886442561832	0	2.7	18.9541977578131	405
WQ	2019	10	25	298	5.9	14.2	15.0079738574534	1.75265402854868	0	1.6	7.64437966344719	405
WQ	2019	10	26	299	1.6	17.4	11.3687513020699	1.87924153741341	0	2	7.35100372391094	405
WQ	2019	10	27	300	5	21.6	10.7778601722129	2.4135078872807	0	2.5	8.97640558460271	405
WQ	2019	10	28	301	9.5	19.4	8.40408062289515	3.07536989551475	0	2.9	5.50440246188515	405
WQ	2019	10	29	302	1.4	21.2	9.91411547629538	1.78483680900546	0	1.3	7.66471792398109	405
WQ	2019	10	30	303	9.6	24.6	9.24468352736095	2.63877075023534	0	2.1	9.00588100506427	405
WQ	2019	10	31	304	6.3	25.6	11.0228099346181	1.77768236105042	0	1.1	12.9243172036478	405
WQ	2019	11	1	305	7.2	22.7	10.0637811872165	1.69662525818931	0	1.4	12.0785994204108	405
WQ	2019	11	2	306	11.7	19.3	4.97421201065719	1.1540091479354	0	1	13.0100995835254	405
WQ	2019	11	3	307	8.3	15	4.92678497585375	1.07515071790638	0	2.4	11.4809523293867	405
WQ	2019	11	4	308	2.8	17.9	13.6325696874553	1.18839269643092	0	0.4	9.79343667911639	405
WQ	2019	11	5	309	3.6	18.6	13.1540075150908	1.28794674377326	0	0.8	10.7083701712224	405
WQ	2019	11	6	310	6.8	18.5	5.07084386142297	0.98274051765884	0	1	12.1600435671187	405
WQ	2019	11	7	311	6.5	13	7.35927465983136	1.23999852043482	0	1.9	8.63011810350816	405
WQ	2019	11	8	312	2.2	17.1	11.5691474758017	1.14969248893381	0	1.3	10.6633948295582	405
WQ	2019	11	9	313	4.5	19.1	5.94972324594511	1.12867741930142	0	2	12.2138775151386	405
WQ	2019	11	10	314	9.3	18	12.4107293027669	2.48837278926441	2.6	4.1	9.38302407025341	405
WQ	2019	11	11	315	3.6	20	12.7792091406338	1.35288186263906	0	0.9	8.91744594959999	405
WQ	2019	11	12	316	9.8	22	9.42848281962996	1.81717212389749	0	1.6	10.2171630298442	405
WQ	2019	11	13	317	4.7	17.5	12.2438907669291	2.84356253662018	0	3	3.71045784307821	405
WQ	2019	11	14	318	-0.1	18.1	12.3402911336731	2.28610990911128	0	3.1	6.3059234265348	405
WQ	2019	11	15	319	1	15.1	10.654892475227	1.13347947641833	0	1.4	8.06842294374947	405
WQ	2019	11	16	320	4.3	12.2	6.68595134484585	0.804888236280614	0	2.6	9.90775433736522	405
WQ	2019	11	17	321	7.6	12.2	4.34703754134211	1.15531389717974	3.6	2.2	8.75096177971547	405
WQ	2019	11	18	322	-3.2	9.9	11.7605764560273	1.54110986130824	0	2.2	3.23403264359326	405
WQ	2019	11	19	323	-3.1	8.1	11.7746963724449	1.00315738617245	0	1.5	4.38502532310056	405
WQ	2019	11	20	324	-1.2	12.1	9.10163886857077	1.00474631939165	0	1.2	5.71680183896675	405
WQ	2019	11	21	325	6.7	15.4	5.42147586809005	1.14233096900297	0	1.4	8.73973870652177	405
WQ	2019	11	22	326	4.8	15.3	6.75824723653015	0.902168231681629	0	1.6	10.5250238012618	405
WQ	2019	11	23	327	9	14.1	4.40899987859626	0.865469542015585	0	1.3	10.8904222227564	405
WQ	2019	11	24	328	1.1	11.9	4.54893557051158	1.89995059879452	0.06	4.1	5.44523534717605	405
WQ	2019	11	25	329	-5.6	5.6	11.7146222899551	0.994595477336521	0	1.4	2.36141231668416	405
WQ	2019	11	26	330	-6	7.9	10.2212834572203	0.78514632841091	0	1.3	4.5855537844693	405
WQ	2019	11	27	331	-2.8	7.3	9.24595656027329	1.10278498129571	0	2.4	4.40704346260292	405
WQ	2019	11	28	332	-5.3	5.4	10.8710173777807	0.623176021395263	0	0.9	4.25310122160578	405
WQ	2019	11	29	333	-3.5	5.9	6.3250106711657	0.744178273326394	0	1.3	4.41096051876266	405
WQ	2019	11	30	334	1.9	6.2	3.97158020371577	0.931806365180454	0	1.5	4.78135742653562	405
WQ	2019	12	1	335	-1.8	6.9	10.228558109085	0.987583047910114	0	1.5	3.51961844678739	405
WQ	2019	12	2	336	-7	5.4	11.256050136114	1.09648118361307	0	2.4	3.01996527259859	405
WQ	2019	12	3	337	-4.3	11.1	11.0478340040166	1.45440323164268	0	2.5	3.97252544392005	405
WQ	2019	12	4	338	-4.2	12	11.0066281635813	0.718474134450214	0	0.7	4.62507227189521	405
WQ	2019	12	5	339	-2.9	3.9	6.48308133172688	0.791271307003977	0	2.5	4.5529698867384	405
WQ	2019	12	6	340	-6.8	4.1	7.92293628379658	0.50266633742462	0	1.1	4.56600406925128	405
WQ	2019	12	7	341	-4.5	-0.2	3.84223850372027	0.337181881840438	0	1.1	4.88521634055656	405
WQ	2019	12	8	342	-0.7	2.5	3.82810543110229	0.386512735620697	0	2.4	6.16484511219432	405
WQ	2019	12	9	343	-1.5	3.7	3.89578054072429	0.380077770172448	0	1.3	6.38162517926523	405
WQ	2019	12	10	344	-2.3	2.8	5.0917679099037	0.348341359436416	0	1	6.18816303242296	405
WQ	2019	12	11	345	-6.6	8.6	10.303553382363	0.677103500709972	0	1.2	4.84274654734447	405
WQ	2019	12	12	346	-7.8	8.3	10.0419492304707	0.774231726053922	0	1.3	3.9448803926214	405
WQ	2019	12	13	347	0.5	9.3	9.78347961599787	1.1541322396031	0	2.3	5.05378533184349	405
WQ	2019	12	14	348	-4.2	6.1	5.12687620734652	0.642169464903715	0	0.9	4.09775106309146	405
WQ	2019	12	15	349	1.9	5.5	3.7601606480504	0.622990791392712	1.2	1.1	5.9341953576426	405
WQ	2019	12	16	350	1.6	2.9	3.75491529309622	0.386313180474097	6.6	2.2	6.83097622047943	405
WQ	2019	12	17	351	-0.4	5.1	6.94280732745269	0.763311682663767	0	2.5	5.44516091738854	405
WQ	2019	12	18	352	-4.5	4.2	9.72974793498257	0.553509563124629	0	0.9	3.84977640207641	405
WQ	2019	12	19	353	-5.3	2.9	10.124693564071	0.715375850913577	0	2.1	3.78326754788342	405
WQ	2019	12	20	354	-7.8	3	7.49230126644442	0.53616069779803	0	1.3	3.84083786697311	405
WQ	2019	12	21	355	-4.2	1.5	3.74553594410094	0.358532625760676	0	1	5.18995933592142	405
WQ	2019	12	22	356	-5.1	-0.2	3.74703521214762	0.293883414584413	0	1.1	4.99778058414113	405
WQ	2019	12	23	357	-4.6	4	6.14363324074736	0.439923345045308	0	1.5	5.42621395410014	405
WQ	2019	12	24	358	-3.9	1.3	3.75341018047215	0.434722241538291	0	2	4.91008763900144	405
WQ	2019	12	25	359	0.1	1.9	3.75828490906957	0.477894437327799	0.1	1.9	5.72402122464454	405
WQ	2019	12	26	360	-2.4	5	10.0857398251367	0.86388932780069	0	2	4.08371037811436	405
WQ	2019	12	27	361	-4.8	8.1	10.3415700454658	0.980669533721215	0	2.4	4.59852769856823	405
WQ	2019	12	28	362	-3.9	9.7	10.1190514612634	0.69963908021988	0	1.5	6.06332808975521	405
WQ	2019	12	29	363	1.7	10.7	9.17469244349096	0.909457195107068	0	2.5	7.41524728413997	405
WQ	2019	12	30	364	-13.3	0.4	10.3229881577043	1.08045037317012	0	4.6	2.11968824191895	405
WQ	2019	12	31	365	-9	0.5	10.4290259771901	0.788201718071369	0	1.7	1.97941096095669	405
