WQ	2014	1	1	1	-3.5	13.3	10.7805029642016	1.38568057656851	0	1.8	3.69827479255838	405
WQ	2014	1	2	2	-3.1	12.3	10.0006800725139	1.17805362275658	0	1.6	4.21637645064838	405
WQ	2014	1	3	3	-0.6	8.1	10.7638572964054	1.24772027528778	0	2.7	4.49478450770089	405
WQ	2014	1	4	4	-5.8	8.1	10.8811536110247	0.759959183244879	0	1.9	5.2410910198546	405
WQ	2014	1	5	5	-5.2	7.4	10.8377663324207	0.854734791974368	0	2.2	4.83918680682087	405
WQ	2014	1	6	6	-4	1	3.90386507715985	0.364644616525008	0	1	5.16600747695624	405
WQ	2014	1	7	7	-2.1	4.3	3.92316521029367	0.716458442152801	0	2.5	5.14562953178438	405
WQ	2014	1	8	8	-3.7	1.3	10.7185956276974	0.565678771424783	0	1.9	4.48596859040562	405
WQ	2014	1	9	9	-8.6	1.2	7.94564099984015	0.4407332755465	0	1.2	4.03972796647634	405
WQ	2014	1	10	10	-7.6	2.1	3.98754438384446	0.415701430904909	0	1.5	4.59205550744967	405
WQ	2014	1	11	11	-8.4	5.5	4.01114431379192	0.449669094162826	0	1.2	5.27745418097476	405
WQ	2014	1	12	12	-4.2	2.7	11.2544730564051	0.83584000371034	0	2.2	3.74613207371297	405
WQ	2014	1	13	13	-7.7	3.9	11.2272044429158	0.723283224861272	0	1.8	3.8519047414058	405
WQ	2014	1	14	14	-7.5	4	8.40696009336601	0.515645044400153	0	0.9	4.52745979096865	405
WQ	2014	1	15	15	-7.2	4.9	4.11606722141969	0.566894439916433	0	2.5	5.07148253597164	405
WQ	2014	1	16	16	-3.7	2.5	4.14489098816949	0.650286850387593	0	2	4.48469365698422	405
WQ	2014	1	17	17	-4.2	1.9	4.17473545172712	0.45896032309377	0	1.8	5.05151869834701	405
WQ	2014	1	18	18	-8.8	7.2	10.5072759468726	0.750749530308733	0	1.6	4.72074264045167	405
WQ	2014	1	19	19	-3.3	5.1	4.23745011082366	1.02751243178243	0	3.3	4.47872001839302	405
WQ	2014	1	20	20	-1.3	4.7	12.1203467880447	2.2316666442026	0	4.3	1.62102090781514	405
WQ	2014	1	21	21	-8.1	4.3	12.0208540926145	1.1281663051114	0	1.9	2.20849209012392	405
WQ	2014	1	22	22	-5	9	12.1859783975166	1.98028661558067	0	3.7	2.82462654600969	405
WQ	2014	1	23	23	-1.7	10.5	12.1767311868825	1.56764374038984	0	2.3	3.88925161267882	405
WQ	2014	1	24	24	-2.1	6.5	4.41141774301074	1.32649785765167	0	2.7	3.80331488435215	405
WQ	2014	1	25	25	-3.2	8.2	12.1609777297838	1.33846726571367	0	2.9	4.55251772810958	405
WQ	2014	1	26	26	-6.3	7.6	12.3347222862515	1.34449246003851	0	3.1	3.99073152847038	405
WQ	2014	1	27	27	1.2	9.1	11.6040295953135	1.97547928743296	0	4.5	4.64632391317704	405
WQ	2014	1	28	28	-2.9	7.3	12.1431380785418	1.36095976637214	0	2.5	3.94154424109297	405
WQ	2014	1	29	29	-1.8	10.7	11.4956774576271	1.64976710273648	0	4.8	5.83050869746664	405
WQ	2014	1	30	30	-3.5	11.1	11.6723497328846	1.27454607023028	0	2	5.37934572553328	405
WQ	2014	1	31	31	0.6	3.6	4.69391374633964	0.654377513996984	0.1	1.8	5.92885225474544	405
WQ	2014	2	1	32	-0.2	3	4.73774728713281	0.443953342869942	0.1	2	6.59470447258171	405
WQ	2014	2	2	33	-1.8	7.5	8.54741970402388	0.777741063378025	0	2.9	6.75981073199439	405
WQ	2014	2	3	34	-3.1	3.2	12.2161111309874	1.16312476992097	0	2.3	3.51280504083203	405
WQ	2014	2	4	35	-6.9	1.2	12.595393198991	1.2220384203556	0	1.9	1.64863938035799	405
WQ	2014	2	5	36	-3.7	2.6	10.6772430901278	1.270318928381	0	2.1	2.52240762344801	405
WQ	2014	2	6	37	-3.2	0.4	4.96895475490414	0.476940543926372	0.2	1.8	5.11140808496496	405
WQ	2014	2	7	38	-2.2	-0.7	5.01748600612061	0.523590588078485	1.1	1.6	4.84012542032738	405
WQ	2014	2	8	39	-4.4	0.1	5.06673916063664	0.617218577387102	0	2	4.22407870145491	405
WQ	2014	2	9	40	-8.4	-1.4	13.976403717424	1.27271018902797	0	3.8	2.05715372070144	405
WQ	2014	2	10	41	-11.1	0.1	14.3819831334625	0.827741106723909	0	0.9	2.23631621204172	405
WQ	2014	2	11	42	-10.1	1.8	13.7952726323402	0.920841861966313	0	1.3	2.79031460912587	405
WQ	2014	2	12	43	-9	2.6	14.4050769040781	0.872876046101153	0	0.8	3.24170640368524	405
WQ	2014	2	13	44	-3.3	5.1	14.0120842208277	1.28929655289841	0	1.8	3.6644072877761	405
WQ	2014	2	14	45	-5.2	7.3	12.3931499052292	1.49892171376768	0	3	4.02501970136293	405
WQ	2014	2	15	46	-2.5	8.4	14.23265392004	1.51677752392051	0	3.3	5.23430223594804	405
WQ	2014	2	16	47	-0.3	8.4	5.48444991490936	1.17099781719281	0	2.9	5.94978807788805	405
WQ	2014	2	17	48	-1.3	5.6	14.3528667463218	1.55514554779513	0	4.2	4.68767838375101	405
WQ	2014	2	18	49	-3.5	5.5	14.8826992938502	1.40684340056153	0	2.1	3.84966100385879	405
WQ	2014	2	19	50	-2.2	2.7	5.65060458661798	0.815552567268724	0.3	1.8	4.66731498964656	405
WQ	2014	2	20	51	-7.1	7.5	13.5292353713187	1.0958440936138	0	1.6	5.16278340306449	405
WQ	2014	2	21	52	1.6	11.4	15.5509159687511	1.87616196993774	0	2.5	5.99948298423	405
WQ	2014	2	22	53	-1.3	11.4	13.850407178039	1.48502526340744	0	1.6	6.18605001083604	405
WQ	2014	2	23	54	-0.3	6.9	5.87870481452586	0.881128468697193	0	1.7	6.29073898835026	405
WQ	2014	2	24	55	0.5	10.6	10.8152958016895	1.24927782345527	0	2.1	7.45525131220146	405
WQ	2014	2	25	56	4.6	15.8	16.4676961561911	1.93514621335684	0	1.6	8.85552564020672	405
WQ	2014	2	26	57	2	14.4	12.7495800068559	1.65737484009213	0	2.6	8.68100613155213	405
WQ	2014	2	27	58	3.1	12.3	17.0465707641279	2.44000488539117	5.7	3.9	6.14239520751786	405
WQ	2014	2	28	59	-0.6	7.7	12.3947275015572	1.41910157506517	0	1.6	4.98883538693438	405
WQ	2014	3	1	60	-0.7	11.4	15.3984533256432	1.67332697476276	0	1.3	5.4959492161965	405
WQ	2014	3	2	61	-1.1	14.6	16.1880258164283	2.0943215730763	0	2.6	6.78783843039546	405
WQ	2014	3	3	62	2	14.2	15.4018910231775	2.47809748810562	0	3.7	6.51031585279432	405
WQ	2014	3	4	63	3.9	11.1	15.2878128374291	2.6621467935944	0	4.1	5.10964862202995	405
WQ	2014	3	5	64	-0.2	8.7	16.7733506796917	1.96886184920238	0	2.1	4.23106681309086	405
WQ	2014	3	6	65	-1.3	8.3	16.3176948519069	2.09411477900436	0	2.4	3.46554195858165	405
WQ	2014	3	7	66	-3	8.4	6.59395456444494	1.15875108685322	0	1.8	5.25351285045788	405
WQ	2014	3	8	67	4.4	12	6.65478124032302	1.65578297985354	0	2.6	7.05287411534427	405
WQ	2014	3	9	68	-0.3	12.2	15.495534867259	1.96231314186676	0	2.5	6.35909576343277	405
WQ	2014	3	10	69	-1.2	16.5	13.6036441024793	2.4428309329417	0	3.1	6.70078112155857	405
WQ	2014	3	11	70	8.4	19.4	18.7904033723272	4.28497835401906	0	5.1	7.21363294528957	405
WQ	2014	3	12	71	4.1	14.2	6.8986170973449	2.79351122060027	0	5.4	6.21810958329583	405
WQ	2014	3	13	72	2.2	13.2	18.8003066741962	2.84903127241669	0	2.4	3.79658308379281	405
WQ	2014	3	14	73	4.3	16.8	19.8845042271641	3.8369175816789	0	3.1	3.15548479636574	405
WQ	2014	3	15	74	7.5	23.8	18.6819379501977	4.84589375706114	0	4.4	7.37236883043609	405
WQ	2014	3	16	75	8.5	21.6	18.0724607171169	3.13334601719886	0	2.2	10.1475154465437	405
WQ	2014	3	17	76	9.5	19.9	14.1596786281192	2.89346009219762	0	2.5	9.65598232610013	405
WQ	2014	3	18	77	7	14.3	11.8012498663623	2.86262929508269	0	3.1	5.65848258867681	405
WQ	2014	3	19	78	5.2	13.4	12.9925016259493	2.27875462722078	0	2.1	6.29714336274885	405
WQ	2014	3	20	79	4.2	16.2	20.8797428110735	3.22352662219676	0	2.3	5.06620886876761	405
WQ	2014	3	21	80	5	20.3	19.5096197924254	3.94743589381602	0	3.5	6.67145911013665	405
WQ	2014	3	22	81	8.9	22.2	19.3743985709247	4.18624189797197	0	3.7	8.77832112171179	405
WQ	2014	3	23	82	6.3	21.6	20.6165730861289	3.45345555587785	0	2.2	8.8371565165884	405
WQ	2014	3	24	83	8.7	21.8	17.4554552868785	3.41188625334318	0	2.9	10.4632399241896	405
WQ	2014	3	25	84	10.8	21.7	15.9108758747953	2.74320986051066	0	1.8	13.2305358740877	405
WQ	2014	3	26	85	9.5	23	7.74034661852971	1.99325979315828	0	2.5	14.9882180961597	405
WQ	2014	3	27	86	14.4	26.7	17.3733727628398	4.14487675344732	0	4	15.9452992646566	405
WQ	2014	3	28	87	15.3	21	7.85678288280521	2.64268869542728	0	3.2	13.5218217367467	405
WQ	2014	3	29	88	10.8	18.6	7.91447189035661	1.68164959623673	0	2.3	13.9259938534953	405
WQ	2014	3	30	89	8.3	23.6	19.5982925955139	3.20225047987564	0	2.2	14.0276816528954	405
WQ	2014	3	31	90	12.9	23.1	8.02869925132858	2.5429871898336	0	2	12.0805348221622	405
WQ	2014	4	1	91	12	23.4	8.08520187661804	2.52544585967405	0	2.5	13.4841865970867	405
WQ	2014	4	2	92	11.6	23.1	17.0236498083066	4.25500573919153	0	3.7	10.0619305120986	405
WQ	2014	4	3	93	9	18.7	19.4701575987835	4.23518753643915	0	4	6.93979116191293	405
WQ	2014	4	4	94	4.2	29.5	22.8525728466591	5.19832627745994	0	3.3	11.1322486335766	405
WQ	2014	4	5	95	4.5	17.4	23.8801864310862	3.77671886112684	0	2.5	5.51796752067753	405
WQ	2014	4	6	96	4.9	21.5	18.5565696581598	4.596514566859	0	4.4	6.68978752030289	405
WQ	2014	4	7	97	8.9	21.8	21.2994876124732	4.3147551817089	0	3.5	9.00527904967991	405
WQ	2014	4	8	98	9.1	25.2	21.5259682140832	3.84841390446496	0	2.4	13.7388875335503	405
WQ	2014	4	9	99	16.7	26.9	8.52037111336528	3.76072321630814	0	4.7	16.6092995380331	405
WQ	2014	4	10	100	10.6	20.6	8.57243253249432	3.59732894569492	0	4.5	9.26192054668865	405
WQ	2014	4	11	101	10	12.5	8.62392860653457	1.85529109205181	0.9	2	9.10330873017062	405
WQ	2014	4	12	102	9.1	14.5	8.674846658739	1.60040403447659	1.4	1	10.5264694146805	405
WQ	2014	4	13	103	5.3	22.6	16.1593466347344	2.57715507041586	0	2	14.3500672508425	405
WQ	2014	4	14	104	11.4	25.3	22.3270429221007	4.29974055336269	0	4.2	15.3190661322799	405
WQ	2014	4	15	105	12.1	20.7	8.82401289733073	2.81550082923981	0.3	3	11.3674798617349	405
WQ	2014	4	16	106	11	22.6	21.4030490978748	3.93615615878287	0	2	10.339981455311	405
WQ	2014	4	17	107	11.6	17.7	8.92035543245427	1.68259918406474	8.9	1.3	14.2437626743482	405
WQ	2014	4	18	108	9.8	17	8.96756510977734	1.55623751683484	0	2.3	14.014524634187	405
WQ	2014	4	19	109	10.6	18	11.3456651698351	2.25139869227704	1.3	1.5	11.1963871159202	405
WQ	2014	4	20	110	8.1	18.6	9.06001395401863	1.70902525355891	0	0.5	10.797887637761	405
WQ	2014	4	21	111	10.7	23.4	20.6749116154246	3.34485760212822	0	0.9	14.3688883465816	405
WQ	2014	4	22	112	9.7	25	23.7791042556024	4.27881573204793	0	2.9	13.9880690203689	405
WQ	2014	4	23	113	14	23.8	23.5749153956145	4.92390200689608	0	5.1	13.8680119515645	405
WQ	2014	4	24	114	11.5	25.8	25.0305226493864	4.65794619206277	0	2.2	12.632998433564	405
WQ	2014	4	25	115	13.2	25.5	22.8809056180624	4.18897338278413	0	1.9	15.05963132708	405
WQ	2014	4	26	116	11.7	21.3	9.32100102586766	1.82819949588021	17.7	3.3	17.1963589932101	405
WQ	2014	4	27	117	11.8	20.8	22.8709925876871	3.49827620329437	0	2.4	15.1711209315608	405
WQ	2014	4	28	118	9.9	22.7	24.1885162551214	3.90214735157767	0	1.7	13.1294454338057	405
WQ	2014	4	29	119	9.1	24.9	24.8098329917275	4.38992259842832	0	2.1	12.2686715476901	405
WQ	2014	4	30	120	11.5	26	24.8715258922358	4.53398612704571	0	2.1	14.1552768269449	405
WQ	2014	5	1	121	14	27.9	24.0908844311843	4.62340698252157	0	2.7	18.4802077975326	405
WQ	2014	5	2	122	13.6	24.4	25.5512133743364	5.82785604047623	0.1	3.5	8.30500378934052	405
WQ	2014	5	3	123	10.4	24.5	24.7658045203661	6.64111852754144	0	6.4	8.23824162344003	405
WQ	2014	5	4	124	10.1	20.6	26.367951473682	6.13881090434541	0	4.5	4.39532140144543	405
WQ	2014	5	5	125	6.7	22.1	26.0005564854684	4.86075819331882	0	2.7	6.9188421605893	405
WQ	2014	5	6	126	10.6	27.4	25.3485686426787	6.68799737215379	0	6.2	11.0881880247434	405
WQ	2014	5	7	127	16.3	26.4	25.3991714063955	6.44833720341108	0	4.5	11.1198550758417	405
WQ	2014	5	8	128	12	23.7	23.1875621416643	4.66219059020556	0	3	11.6995623688806	405
WQ	2014	5	9	129	12.9	26.7	21.9599851378862	4.39072086793787	5.1	1.7	12.9767820153362	405
WQ	2014	5	10	130	12.4	24.6	20.0208152970128	4.35069673148794	0	2.9	12.6925967818141	405
WQ	2014	5	11	131	11.5	15.9	9.85897260591994	1.66240366956394	35.8	3.1	14.2366090923532	405
WQ	2014	5	12	132	11.7	28.7	26.6218365107305	5.51346557648051	0	3.4	15.4042545948356	405
WQ	2014	5	13	133	17.8	28	25.3868938179542	6.18323840128056	0	4.6	15.7088880877359	405
WQ	2014	5	14	134	15.8	22.8	16.4792465243276	4.03886295058698	0	2.4	11.1985078122123	405
WQ	2014	5	15	135	11.2	29.8	27.739205794384	6.8450180684503	0	4.1	11.0498013970351	405
WQ	2014	5	16	136	15.4	27.8	27.635552567379	5.82212504052436	0	3	14.2633315438853	405
WQ	2014	5	17	137	13.3	27.8	24.6840939001658	5.08774525921933	0	2.3	13.9484145321987	405
WQ	2014	5	18	138	13.6	29.3	25.0026876315352	5.52679580185932	0	2.8	14.646391621738	405
WQ	2014	5	19	139	18	29.4	23.6106469608798	5.62623294830535	0	4.4	19.4140716739257	405
WQ	2014	5	20	140	18.5	30.3	24.2114415792985	5.29522929437477	0	2.6	20.6284885956889	405
WQ	2014	5	21	141	18.6	33.5	26.5228862992813	5.89099980392246	0	2.3	22.6799233313385	405
WQ	2014	5	22	142	19	32.9	26.1243043659057	5.8370701432982	0	2.2	21.2382146747411	405
WQ	2014	5	23	143	19.5	33.1	24.0112630819246	6.11525896444142	0	2.8	18.6795445711134	405
WQ	2014	5	24	144	19.5	27	13.470755209776	3.15572336699547	8.4	3.1	23.3288811071652	405
WQ	2014	5	25	145	19.8	28	23.2048332282268	5.16730335162246	0	2.9	19.181668632481	405
WQ	2014	5	26	146	17.3	34.3	28.3720231250558	8.93791155226995	0	5	11.8138154041172	405
WQ	2014	5	27	147	18.5	36.2	28.5386483595394	9.27213811950954	0	4.7	12.2044180429145	405
WQ	2014	5	28	148	14.1	35.8	27.5603665580004	7.16593354968352	0	2.9	14.9702448480804	405
WQ	2014	5	29	149	22.2	39.2	28.2964125959731	9.06812142748448	0	3.8	15.5891449805503	405
WQ	2014	5	30	150	21.6	38.6	25.0265925893413	7.43240322001104	0	2.8	17.9034777752714	405
WQ	2014	5	31	151	22	36	23.471046871637	6.25281712272729	3.4	2.6	23.1793080133624	405
WQ	2014	6	1	152	20.2	30.7	23.3447563365615	5.78041677278517	0.1	4.2	21.7082135386543	405
WQ	2014	6	2	153	17.2	22.3	10.33714458689	2.90677652899495	0.1	3.1	16.2928157371543	405
WQ	2014	6	3	154	17.1	30.9	26.5241599455469	6.0334777397413	0	3	17.9679413965155	405
WQ	2014	6	4	155	18.1	30.2	22.1005650151407	5.37046277173437	0	2.8	17.8331598514019	405
WQ	2014	6	5	156	18.3	33.5	27.2671235308319	5.59481969657879	0	1.1	21.1009697653407	405
WQ	2014	6	6	157	20.1	35.1	10.3841319216454	3.88584378388304	13.2	2.6	24.4202150242999	405
WQ	2014	6	7	158	16.2	31.3	27.4334028166645	5.77797691849351	0.1	2.3	19.2346185554844	405
WQ	2014	6	8	159	18.4	34	22.5747401520832	7.29273974918715	0	4.5	16.3586170357019	405
WQ	2014	6	9	160	18	31.4	25.8771920322438	5.80671755274755	4.1	2.8	20.3127148838895	405
WQ	2014	6	10	161	18.5	31.8	14.5719019257585	4.46717366680461	0	3.4	21.5178964712531	405
WQ	2014	6	11	162	19.7	27.4	16.7268676284051	3.67737577531181	5.5	1.9	21.9967813148812	405
WQ	2014	6	12	163	16.7	34.3	26.1845893745617	5.54706294664673	0	1.3	20.8333662730097	405
WQ	2014	6	13	164	20.4	32.6	19.0294016055957	5.10246717150441	0	2.2	19.0194983748163	405
WQ	2014	6	14	165	20.8	35.4	10.4416162280387	3.43896928095538	0	1.3	20.9222481976838	405
WQ	2014	6	15	166	23.6	29.8	10.4453975722713	4.65149801007709	0	4.1	19.9014357115206	405
WQ	2014	6	16	167	20.7	27.1	10.4484251338493	2.92430023644397	0	2.6	22.6044541419193	405
WQ	2014	6	17	168	19.8	28.5	10.4506996653766	2.76343211485405	0	1.6	22.6331673994674	405
WQ	2014	6	18	169	20.3	28.8	10.4522218936578	2.91941697513691	0.1	2.5	24.0983534739489	405
WQ	2014	6	19	170	20.2	25.3	10.4529925183583	2.37856588219644	2.8	1.7	23.7669149749111	405
WQ	2014	6	20	171	18.5	24.8	16.4651707063738	3.2427693831172	15.3	2.8	22.0920525948998	405
WQ	2014	6	21	172	17.3	27.6	17.895157942185	3.55863424071661	0	1.9	23.237401155811	405
WQ	2014	6	22	173	18.3	29.8	10.4508013384175	2.57527101850869	5	1.4	24.8766168982599	405
WQ	2014	6	23	174	18.2	30.8	27.4773684112707	5.45361719121906	0.1	1.4	21.5548703704249	405
WQ	2014	6	24	175	20	33.7	22.4643486643801	4.90933216116703	0	1	21.1941284021958	405
WQ	2014	6	25	176	23.3	28.5	10.441868114108	2.90374213197032	1.6	1.9	24.9831424452297	405
WQ	2014	6	26	177	21.9	33.3	18.4475552486459	5.10966976214553	0	2.9	24.0041436329429	405
WQ	2014	6	27	178	22.9	34.5	26.1638704747879	6.32806852393747	0	2	20.6540891721804	405
WQ	2014	6	28	179	19.9	36.3	28.4430375322513	6.59498133092055	0	1.7	18.3993326697981	405
WQ	2014	6	29	180	22	36.4	13.1358176930946	4.50811964396875	0	1.9	20.4839187776717	405
WQ	2014	6	30	181	20.8	33.1	26.1350505372503	6.10592843055388	0	2.1	19.5391243361762	405
WQ	2014	7	1	182	22.9	33.9	10.4038293420673	3.52557922442911	0.8	2.5	27.4794948594768	405
WQ	2014	7	2	183	22.6	31	10.3948793140467	3.63269374130783	0.1	3.2	24.5982275212581	405
WQ	2014	7	3	184	21.8	32.4	10.3851843821646	3.46823958760662	0	2.5	25.0418633991924	405
WQ	2014	7	4	185	22.3	30.6	10.3747448229014	2.64779858203106	41.1	1.7	29.0442216489891	405
WQ	2014	7	5	186	22.7	32.4	10.3635608935463	2.72914242468392	0.1	1.1	28.58314809245	405
WQ	2014	7	6	187	22.5	33.7	10.3516328347299	2.78736750171602	0	0.9	27.4504007822232	405
WQ	2014	7	7	188	23.3	34.1	10.3389608732401	3.70390623128146	0	2.7	27.092241053781	405
WQ	2014	7	8	189	25.4	35	10.3255452251309	3.56664815014457	0	2.2	29.2601874729608	405
WQ	2014	7	9	190	24.4	31.2	10.311386099133	3.70674773095003	0	2.4	22.8009367189865	405
WQ	2014	7	10	191	22	28.8	18.5644828571725	4.8246653945007	0	3.3	21.1313402296362	405
WQ	2014	7	11	192	19.8	36.7	26.3834106452752	6.51634972829349	0	3	26.7198551712978	405
WQ	2014	7	12	193	24.3	31.2	14.1105145463016	3.67842505785712	0.5	1.5	25.0208352961609	405
WQ	2014	7	13	194	19.9	35.1	28.9004317172066	6.28492091658889	0	1.7	24.3319194605347	405
WQ	2014	7	14	195	20.1	36.6	27.0244462623308	6.29681547206726	41	2	25.4765507648644	405
WQ	2014	7	15	196	20.3	30.9	24.2953345674224	4.9762111616803	6.6	1.7	25.6842675057997	405
WQ	2014	7	16	197	23.6	32.7	13.7465141010586	3.37106317182123	0.6	2.3	32.6154383694122	405
WQ	2014	7	17	198	24.2	34.3	28.3642915955777	6.531267504487	0	3.2	29.9218267360903	405
WQ	2014	7	18	199	24.6	34.7	27.4817458546184	6.27975504530302	0	2.4	30.6123574989002	405
WQ	2014	7	19	200	25.5	35.4	18.6478931887094	4.9079588123785	0	2.6	32.441556628911	405
WQ	2014	7	20	201	25	36.2	27.418637678104	6.81102255672648	0.1	3.6	31.6512629277786	405
WQ	2014	7	21	202	25.4	37	22.8471007255539	5.79665136140547	32.5	3.3	35.6957147335695	405
WQ	2014	7	22	203	25.5	29.5	22.531844815405	4.67735884322701	0.1	1.6	31.0222167725638	405
WQ	2014	7	23	204	23	27.9	14.0010074887265	3.28735222401277	0	1.7	24.9561759864301	405
WQ	2014	7	24	205	21	29.4	10.0099536033287	2.56987545720612	2.9	1.6	26.0155435280829	405
WQ	2014	7	25	206	20.5	29.5	25.683189042627	5.18314678248284	0	3	24.8312016493991	405
WQ	2014	7	26	207	18.2	32.2	27.0578017835227	5.55527876641363	0	1.9	23.1111983072756	405
WQ	2014	7	27	208	21	32.5	22.9214882877512	4.85966899653309	0	1.6	27.6666912282157	405
WQ	2014	7	28	209	22.2	32.7	24.0112371403997	5.24695220695616	0	2.1	27.8219513871599	405
WQ	2014	7	29	210	22.9	33.2	20.7275799553827	4.88483789842625	0	2.5	28.7596016126839	405
WQ	2014	7	30	211	23.1	29.6	9.8428495258691	2.53219406713442	2.6	1.6	28.2412852475895	405
WQ	2014	7	31	212	22	31.4	21.7729654622085	4.57533966854478	0	1.6	28.2354091845467	405
WQ	2014	8	1	213	24.1	33	9.78129596961701	2.48266039235788	0.1	0.8	31.7264882428025	405
WQ	2014	8	2	214	24.7	35.3	23.5111858720841	5.21902818378734	0	1	31.3400918392478	405
WQ	2014	8	3	215	24.8	35.6	22.3414858641132	4.90018438259439	0	0.6	32.1914900073338	405
WQ	2014	8	4	216	24.7	35.4	17.8102115127582	4.36069316089003	0.4	2.1	34.5532075193081	405
WQ	2014	8	5	217	20.3	26	9.64949521310114	2.17095107592129	7.5	1.9	25.2713963298741	405
WQ	2014	8	6	218	22.6	27	9.61474757937477	2.26322742697128	0.6	1.8	27.4377151540209	405
WQ	2014	8	7	219	20.7	31.3	21.0264565971615	4.56798679980902	0	1.9	24.8906058214775	405
WQ	2014	8	8	220	18.8	30.7	21.6721295275183	4.39036761635071	0	1.2	22.3942831744554	405
WQ	2014	8	9	221	22.2	30.8	24.1244549618243	5.11939501204858	0	1.9	24.2012841787544	405
WQ	2014	8	10	222	19.2	31.4	26.0121526089007	5.30467329102781	0	2.3	24.2141184441981	405
WQ	2014	8	11	223	20.9	32.9	17.8979922626371	4.0865236675161	0	1.7	27.2792660689294	405
WQ	2014	8	12	224	19.1	33.5	24.6372025935737	4.90196831202851	0	0.8	23.6290912638991	405
WQ	2014	8	13	225	20	27.2	9.35173500775735	2.26950611333283	26.9	2.3	25.2690956871751	405
WQ	2014	8	14	226	18.1	29.9	20.0866557952729	3.87893981214062	10	1.1	25.4979536118094	405
WQ	2014	8	15	227	18.8	32	24.4399847364291	4.93002282058135	0	2.4	26.6608659154355	405
WQ	2014	8	16	228	21.4	32.4	21.7556039217543	4.61427109373429	0	2.1	28.9071190064472	405
WQ	2014	8	17	229	19.9	27.6	9.1862718237605	2.24681026420172	8.6	2.3	25.5706678274824	405
WQ	2014	8	18	230	20	27.2	17.3716537268541	3.34909253376076	5.5	1.2	24.9718122085024	405
WQ	2014	8	19	231	17	30.4	22.5126477096303	4.19399229622248	0	0.9	25.1164799581308	405
WQ	2014	8	20	232	18.3	31.8	20.9383546498474	4.16180499938658	0	1.5	27.218184105619	405
WQ	2014	8	21	233	20.5	32.6	24.2756954407294	4.89516726226658	0	1.7	28.5870879552841	405
WQ	2014	8	22	234	21.7	32.4	19.7086855828631	4.39952050251856	0	2.3	27.9723044710244	405
WQ	2014	8	23	235	23.6	30.4	8.91834555458414	2.46711715800615	0	2.1	29.3803752339092	405
WQ	2014	8	24	236	19.8	29.3	19.5664363483835	3.83292037693064	22.2	1.5	25.5405498210071	405
WQ	2014	8	25	237	19.4	30.4	22.0593790014395	4.18887476393749	0	0.9	26.3768865590464	405
WQ	2014	8	26	238	17.5	32.4	23.3258510541324	4.48338131104004	0	1.2	26.766862874516	405
WQ	2014	8	27	239	19.7	32.7	22.2995556600405	4.62737006125917	0	1.5	24.6205122980583	405
WQ	2014	8	28	240	19.8	29.9	16.3176005060335	3.38271037790047	0	1.4	25.4602789194824	405
WQ	2014	8	29	241	20.4	29.9	8.62821637588097	2.23317662736012	0	1.3	25.8008353472053	405
WQ	2014	8	30	242	20.2	29.8	8.57784495575894	2.09546023160295	0	0.9	25.9199802182614	405
WQ	2014	8	31	243	21.1	25.9	8.5269262487481	1.91358282546953	0	0.8	24.836757625207	405
WQ	2014	9	1	244	19.1	28.8	8.4754720473377	2.0386009598487	0	1.6	26.2256971201161	405
WQ	2014	9	2	245	19.1	24.8	10.1412262380786	2.13431258204469	0	2	23.2349806119377	405
WQ	2014	9	3	246	18.1	28.5	23.5195986809091	4.5078872447449	0	2.5	21.1877566322034	405
WQ	2014	9	4	247	14	32.3	23.5501491656877	5.10605505493029	0	2.9	19.6254762747747	405
WQ	2014	9	5	248	18.4	31.1	22.0076779091751	4.49666743186908	0	2	22.2262690857361	405
WQ	2014	9	6	249	18.8	29.4	19.9514118702088	3.82488304160117	0	1.4	23.1965320839234	405
WQ	2014	9	7	250	20.9	28.9	8.15621649998513	2.12320134867026	0.2	1.8	26.4628645621641	405
WQ	2014	9	8	251	19.6	29.6	17.6887614785468	3.88877565628987	0	1.8	19.9258310116178	405
WQ	2014	9	9	252	19.4	28.9	15.7920456365108	3.45336155475116	0	1.6	20.2651090452221	405
WQ	2014	9	10	253	17.9	30	21.1106614501728	4.40347447257392	0	2.2	19.5117480610884	405
WQ	2014	9	11	254	19	26.4	7.93438199763169	2.39231365359834	0	1.4	16.9174192752417	405
WQ	2014	9	12	255	16	22.9	7.87793932580285	1.85628341996417	0.7	2.1	18.9041834314605	405
WQ	2014	9	13	256	15.4	28.2	16.2143513413963	3.07277767763779	0	1.3	20.3448584610494	405
WQ	2014	9	14	257	16.1	24.4	10.2973183835666	2.03230332066442	3	1	19.7892958846452	405
WQ	2014	9	15	258	15	23.1	7.70651817958252	1.81162151414229	0.1	1.3	17.220921446359	405
WQ	2014	9	16	259	11.2	20.2	7.64873899152239	1.40315597374959	5.7	1.1	16.6394510329656	405
WQ	2014	9	17	260	12.5	16.3	7.59067079409589	1.28581336812658	19.8	1.6	15.358502549259	405
WQ	2014	9	18	261	14	23.9	11.1448901372102	2.01024886796594	0	1.2	19.3998010104693	405
WQ	2014	9	19	262	11.6	24.3	15.6595555991903	2.42056697281468	0	2.2	19.3778972674878	405
WQ	2014	9	20	263	16.3	27.1	15.5643674999638	2.74645538840208	0	2.1	23.3908528268942	405
WQ	2014	9	21	264	17.2	28.2	12.1496943718894	2.35770314396691	0	1.1	24.0143803538766	405
WQ	2014	9	22	265	17.7	28.5	18.3083964563444	3.20024087275011	0	1.1	24.2586985788338	405
WQ	2014	9	23	266	19.4	26.1	7.23726785046011	1.70241442252371	0	1.6	24.2270290999655	405
WQ	2014	9	24	267	17.9	22.5	7.17772111042833	1.46147277373324	1.5	2.4	21.9725201978377	405
WQ	2014	9	25	268	13.2	25.6	11.9426505920566	2.1349638144833	0	1.2	19.6810245587687	405
WQ	2014	9	26	269	16.3	27.7	7.05825974247304	2.23501144053284	0	3.1	21.436130216047	405
WQ	2014	9	27	270	19.4	23.3	6.9983877757628	1.83431831583587	0	2.1	20.4546085271481	405
WQ	2014	9	28	271	17.8	20.4	6.93845044494894	1.31719138468811	17	1.4	20.8444377043743	405
WQ	2014	9	29	272	13.3	25.1	13.9711535170352	2.4052608682464	0.5	2.9	19.7992765954523	405
WQ	2014	9	30	273	11.4	18.6	17.402151981639	2.6836040258918	0	2.1	11.3463378783065	405
WQ	2014	10	1	274	9.9	21.9	12.0224095106153	2.00707304029373	3.9	2.5	15.775229889004	405
WQ	2014	10	2	275	11.3	20.7	17.9846075521935	2.34783447981623	0.1	1.3	16.4458972343887	405
WQ	2014	10	3	276	11.4	24.2	18.2108010232766	2.85656117093737	0	2.1	15.9430313313811	405
WQ	2014	10	4	277	14.2	21.8	13.1387602821149	2.19708537689216	0.3	2.3	17.1369402702666	405
WQ	2014	10	5	278	11.1	21.5	16.2472920749343	2.28898371446244	0	1.7	15.7378351408607	405
WQ	2014	10	6	279	7.2	22.1	18.4093446369858	2.39459561946851	0	0.9	11.9463175889695	405
WQ	2014	10	7	280	8.9	24.1	15.0003441428669	2.91300724175975	0	2.5	12.4266067265784	405
WQ	2014	10	8	281	13.3	24.6	13.9916257053856	2.57846435589228	0	2	15.940721696367	405
WQ	2014	10	9	282	12.5	25	16.5730681718989	2.49003945114737	0	1.2	17.3147206587574	405
WQ	2014	10	10	283	11.5	26.1	15.7867620219162	2.29224725784349	0	1.6	20.8487294057907	405
WQ	2014	10	11	284	9.9	26.1	16.2245201618919	2.41582808733439	0	1.4	17.9443680533193	405
WQ	2014	10	12	285	11.2	17.8	6.10498816339436	2.93966617167865	0	4.1	8.42111105691593	405
WQ	2014	10	13	286	7.5	17.4	6.59300381304837	2.09257672011303	0	2.1	7.40923393554311	405
WQ	2014	10	14	287	2.4	21.5	17.0648030726304	2.30743410643224	0	1.5	9.54250291986013	405
WQ	2014	10	15	288	7.4	25.3	17.8033499501406	3.89940441726432	0	3.3	9.14725821520799	405
WQ	2014	10	16	289	3.8	23.7	16.7080829352515	2.93370771576836	0	1.9	7.2783577501138	405
WQ	2014	10	17	290	12.5	26.8	15.5184507052609	4.04118847028848	0	3.4	10.9410415788044	405
WQ	2014	10	18	291	11.9	27.5	14.8721758869554	3.32815032384099	0	2.7	13.6744534453227	405
WQ	2014	10	19	292	14.8	19.6	5.70450665567922	1.18549459332871	2.5	1.6	17.2456502594176	405
WQ	2014	10	20	293	14.3	16.5	5.64884576024122	0.948872502070586	0.2	1.7	16.6590564309974	405
WQ	2014	10	21	294	11.4	17.5	14.8474278256505	2.29909277406206	0	2.9	11.2158500693125	405
WQ	2014	10	22	295	7	17.9	5.53890790717363	1.17028609979272	0	1.2	11.4483961687035	405
WQ	2014	10	23	296	10.3	22.3	5.48467406487057	1.47518397847084	0	2.9	15.9794058819538	405
WQ	2014	10	24	297	15.2	26.2	15.3266741442704	3.06752338780801	0	3.9	17.9508541520109	405
WQ	2014	10	25	298	16.9	28.2	14.6024921194195	3.62055212067858	0	4	17.8239324236122	405
WQ	2014	10	26	299	11.1	21.6	11.7716569500785	2.30019216224631	0	3.6	13.8507446999786	405
WQ	2014	10	27	300	5.5	15.8	14.6812135470572	1.979770542729	0	2.2	7.82541066039577	405
WQ	2014	10	28	301	4.4	17	10.3930709437799	1.4418016455642	0	1.4	9.43218865726034	405
WQ	2014	10	29	302	6.7	16.6	5.17088155656884	0.94134091658535	0	0.5	10.190483266212	405
WQ	2014	10	30	303	12	17.4	5.12070688379121	1.58468326859155	0	2	11.0173734513345	405
WQ	2014	10	31	304	11.8	16.7	5.07119124929518	0.929527358067832	0	1.7	14.784160914262	405
WQ	2014	11	1	305	11.1	17.3	5.02235346984904	1.33011661420822	0	1.9	12.0316496049053	405
WQ	2014	11	2	306	5.6	15	14.3191261251964	2.31614583984244	0	2.4	4.83751633550448	405
WQ	2014	11	3	307	2.4	18.8	14.1172720635449	2.24421407986214	0	2.1	5.93725790662588	405
WQ	2014	11	4	308	4.2	18.7	13.9179766305347	2.78022896767295	0	3.9	7.30438729665159	405
WQ	2014	11	5	309	7.7	18.1	10.9794979257255	2.06228656051352	0	2.4	8.44573088507464	405
WQ	2014	11	6	310	4.8	14.9	13.1513464891811	2.23590212301819	0	2.8	5.62013199286394	405
WQ	2014	11	7	311	2.5	11.3	9.22692080860648	1.26452920578456	0	1.7	6.31476901233331	405
WQ	2014	11	8	312	5.3	12.2	4.70097348525019	0.88067074296929	0.6	1.4	9.1320685541844	405
WQ	2014	11	9	313	-0.3	15.4	10.3778305770092	0.948685028911085	0	1	9.74151970476843	405
WQ	2014	11	10	314	1.6	16.6	4.61624078813178	0.98406619441681	0	2.2	10.4281311680179	405
WQ	2014	11	11	315	8.8	16.5	8.22139016463066	1.60707115660152	0	2	9.029449845719	405
WQ	2014	11	12	316	1.1	11.4	12.9627449718067	1.71426366296287	0	2.4	4.52135606554312	405
WQ	2014	11	13	317	-3.8	12.1	12.7844749711666	1.24277595793931	0	1.4	4.58881509358694	405
WQ	2014	11	14	318	-2.4	14.4	12.5194560913354	1.13944287975326	0	1	5.48906390820587	405
WQ	2014	11	15	319	3.8	11.2	6.3791603732872	1.01365658733433	0.2	1.7	7.56913912720429	405
WQ	2014	11	16	320	3.2	12.3	9.25487264159775	1.06826452031575	0	2.2	8.35673689211347	405
WQ	2014	11	17	321	-2.9	13.2	12.099837664842	0.956970658602302	0	1	6.53501063086554	405
WQ	2014	11	18	322	-2	14.3	12.1110867413657	1.21724367375696	0	2	7.22730321677426	405
WQ	2014	11	19	323	1.2	14.1	7.67787131663246	1.74649811632046	0	3.2	6.37071930103737	405
WQ	2014	11	20	324	5	16	4.2454846067093	1.238787117723	0	2.5	9.68615150700695	405
WQ	2014	11	21	325	1	15	7.75102224865286	0.776874437042259	0	1	9.80252989383514	405
WQ	2014	11	22	326	-1.6	13.3	7.01580960853946	1.00337184644554	0	2.1	7.55787009770496	405
WQ	2014	11	23	327	5.5	9.4	4.15267631893774	0.833551478623005	0	1.5	7.81006539294746	405
WQ	2014	11	24	328	1.6	10.4	7.35528648853609	0.903918093406799	0	2	7.30111000264659	405
WQ	2014	11	25	329	0.7	12	9.68293537678825	0.947159066913625	0	1.8	7.46494487673251	405
WQ	2014	11	26	330	1.8	12.1	4.06888151000619	0.766299877902208	0	2.4	8.85126579437852	405
WQ	2014	11	27	331	5.8	7.8	4.04299468044794	0.443680547224198	8.9	3.4	9.6053458096063	405
WQ	2014	11	28	332	2.1	9.5	8.02958201351997	0.671286988095854	3.6	2.4	8.35176288769454	405
WQ	2014	11	29	333	-1	7.2	3.99433662005079	0.407578130899007	2	1.1	7.75891765892526	405
WQ	2014	11	30	334	2.4	8.1	3.97158020371577	0.74246062328105	2.1	2.3	7.31509239961357	405
WQ	2014	12	1	335	-5	2.7	11.2199281073137	1.59667020048395	0	3.6	1.74443960052801	405
WQ	2014	12	2	336	-9.2	2.3	10.7621083419978	0.5939764470004	0	1.4	3.38348025979228	405
WQ	2014	12	3	337	-4.5	2.7	10.965786286065	0.793706938223522	0	1.6	3.12494472053781	405
WQ	2014	12	4	338	-6.3	3.9	10.6794817784802	1.30591894798608	0	2.7	2.08061802333473	405
WQ	2014	12	5	339	-8.1	5.4	10.4785624740731	0.867121504740967	0	1.6	2.94897484667128	405
WQ	2014	12	6	340	-5.4	7.7	10.1995988899765	0.947891417284018	0	1.8	3.94091740773451	405
WQ	2014	12	7	341	-2.8	5.5	9.59988299905331	0.762274331104464	0	1.7	4.5506973585648	405
WQ	2014	12	8	342	-6.9	6.3	9.40973523257029	0.557098231913689	0	0.9	4.48412753352114	405
WQ	2014	12	9	343	-4.9	4	3.81507223077073	0.74313949848903	0	1.9	4.08423492448125	405
WQ	2014	12	10	344	-0.2	7.3	3.80314268867029	1.25138199439157	0	2.6	4.38655857996875	405
WQ	2014	12	11	345	-6	2.6	10.625095757932	0.761492301207616	0	1.6	2.87326125417984	405
WQ	2014	12	12	346	-6.4	4.9	10.6036849676357	1.08080201809665	0	2.3	2.73832103064915	405
WQ	2014	12	13	347	-7.9	6.8	10.825121155941	0.867050593613103	0	1.5	3.04787979404321	405
WQ	2014	12	14	348	-6.4	5.6	3.76652593637303	0.764486668795249	0	1.3	3.54194030892013	405
WQ	2014	12	15	349	-3.9	5.1	6.9574018150029	1.36564278602384	0	3.2	3.00624925487682	405
WQ	2014	12	16	350	-9.2	2.2	10.223381600671	1.33975287014638	0	3.1	1.47924175627314	405
WQ	2014	12	17	351	-8	8.1	10.6136254781637	1.10991947681665	0	1.9	2.82892888445547	405
WQ	2014	12	18	352	-4.9	10.2	10.607101650438	1.55017034007634	0	3	3.58814146370713	405
WQ	2014	12	19	353	-1	5.8	9.48681561838259	1.37664840011599	0	3	3.35248233422463	405
WQ	2014	12	20	354	-8.3	2.7	10.6016293280723	0.891431255864424	0	1.7	1.92314284143853	405
WQ	2014	12	21	355	-8.5	3	10.60268516376	1.1555308797476	0	2.6	1.94278674789273	405
WQ	2014	12	22	356	-6.3	9.5	10.3669943642599	1.39567668430048	0	2.6	3.29445975909234	405
WQ	2014	12	23	357	-1.8	8.9	9.17599925535697	1.13200909775797	0	2.1	4.27277178299248	405
WQ	2014	12	24	358	-3.5	5.7	10.6210228418052	1.11977999950768	0	2.5	3.3994096940756	405
WQ	2014	12	25	359	-7.1	7.8	9.99275343976496	0.679113988138298	0	1	3.75454743482123	405
WQ	2014	12	26	360	-6	6.2	10.165758261718	0.691470145846385	0	1.2	3.74747400914554	405
WQ	2014	12	27	361	-4.6	6.2	9.46020634028227	0.836292788598285	0	2	4.28507096148195	405
WQ	2014	12	28	362	-4.2	8.8	9.79806891236492	0.870082067618168	0	1.8	4.89832803224819	405
WQ	2014	12	29	363	-3.7	13.8	10.3000595187897	1.47600157045631	0	2.4	4.90223761832049	405
WQ	2014	12	30	364	-4.1	8.9	10.4035252309025	0.907270341308018	0	2	5.01221373598648	405
WQ	2014	12	31	365	-5.4	2.6	10.9132660790943	1.37552700942447	0	3.3	2.06113548910326	405
