WQ	2016	1	1	1	0.1	8.6	7.86838741442507	1.14260194905874	0	3.4	5.80442159013432	405
WQ	2016	1	2	2	-3.3	9.3	3.83759587177089	0.527594715873434	0	1.3	7.0963130904804	405
WQ	2016	1	3	3	-3.1	2.7	3.85251470131001	0.354291365216289	0	2.5	5.83189129081776	405
WQ	2016	1	4	4	-2	3.6	3.8685352644581	0.699257788111721	0	3.6	5.27222854758578	405
WQ	2016	1	5	5	-2.7	3.5	9.36555420699191	0.84159865844753	0	1.7	3.53590194726758	405
WQ	2016	1	6	6	-3.9	4	9.97573056507564	0.627209623200736	0	1.1	4.0670496719454	405
WQ	2016	1	7	7	-6.9	2	11.1682002103914	0.753138274156543	0	1.4	2.51401259311651	405
WQ	2016	1	8	8	-9.3	2.2	10.305483018164	0.514427411677334	0	1	3.51133329243637	405
WQ	2016	1	9	9	-8.3	4.9	10.0188860550718	0.614268406604731	0	1.6	4.41361897852717	405
WQ	2016	1	10	10	-6.5	3.2	3.98754438384446	0.58104996669787	0	2.5	4.57656624931239	405
WQ	2016	1	11	11	-7.3	-0.5	10.5309881573869	0.797194828243424	0	2.5	2.7788617059471	405
WQ	2016	1	12	12	-10.6	-0.7	11.1705350408116	0.733245646413824	0	1.5	1.83346112175543	405
WQ	2016	1	13	13	-10.1	5.2	11.3115066642072	0.917013634125883	0	1.7	2.80324098335277	405
WQ	2016	1	14	14	-8.1	7.1	11.2860850101924	1.0176415061711	0	1.6	2.94916331086679	405
WQ	2016	1	15	15	-7.1	7.6	11.4322216493515	0.930116339090341	0	1.3	3.22565425863907	405
WQ	2016	1	16	16	-6	3.9	4.14489098816949	0.737747526743336	0	2.3	4.25219635489237	405
WQ	2016	1	17	17	-6.8	-0.2	8.98479692552509	0.699690829138918	0	3.7	3.6335199667657	405
WQ	2016	1	18	18	-10.1	-2.5	8.60813820697286	0.447450320107709	0	0.8	2.84997627167084	405
WQ	2016	1	19	19	-12.5	1	11.6126838015455	0.732582035147668	0	1.2	1.87007193574134	405
WQ	2016	1	20	20	-8	1.8	9.76533307143011	0.999326808662587	0	1.9	2.11144346068693	405
WQ	2016	1	21	21	-6.1	2.6	4.30413422801341	0.775331603254149	0	1.4	3.0904222116765	405
WQ	2016	1	22	22	-11.6	-3.3	4.33893889554566	0.672356058940818	1.4	3.5	2.40965841196205	405
WQ	2016	1	23	23	-18.9	-9.8	11.4674559815373	0.503474186115378	0	1.8	1.04691587191662	405
WQ	2016	1	24	24	-20.2	-2.8	12.1684213006468	0.88310644480555	0	2.8	1.20794321786198	405
WQ	2016	1	25	25	-13.9	3.6	12.250651095093	1.0323564710257	0	2.2	2.34813645924874	405
WQ	2016	1	26	26	-9	3.3	12.4249185979877	0.993001783611516	0	1.6	2.32897095876695	405
WQ	2016	1	27	27	-9.4	6.1	12.3298655150257	1.04077960033683	0	1.4	2.60652663532044	405
WQ	2016	1	28	28	-3.4	7.2	7.85332661720345	1.45625503935606	0	2.9	3.65270075821694	405
WQ	2016	1	29	29	-5.3	-0.8	4.60878196292312	0.700132301285539	0	3.4	3.70431488354244	405
WQ	2016	1	30	30	-8.1	-2.2	4.65092025391974	0.696140371612307	0	3	2.93741063192524	405
WQ	2016	1	31	31	-9.5	0.1	12.3164797755679	0.822008756913527	0	3	3.14813840664104	405
WQ	2016	2	1	32	-9.8	4.1	12.8755196270355	0.858640880193765	0	1.1	2.99505238653747	405
WQ	2016	2	2	33	-9.7	6.4	12.2183087647339	1.03221712570383	0	1.6	3.44824038681185	405
WQ	2016	2	3	34	-9.6	8.6	13.2580423323709	1.0123705379112	0	1.2	4.09569527394898	405
WQ	2016	2	4	35	-3.5	6.6	13.0720143788585	1.38342714710122	0	1.7	2.67569421845514	405
WQ	2016	2	5	36	-5.5	5.1	12.883740251229	1.23183010607792	0	1.4	2.11838404768038	405
WQ	2016	2	6	37	-9.6	7.7	13.5620765218539	1.08510860491231	0	1.2	3.3648774090145	405
WQ	2016	2	7	38	-5.9	8.9	13.95764921613	1.44174135561992	0	1.6	2.91379110629959	405
WQ	2016	2	8	39	-3.5	15.4	13.5758234191207	2.5966732517564	0	2.9	3.22104674666666	405
WQ	2016	2	9	40	-0.1	14.6	13.7795213167532	2.38331873721085	0	2.3	2.83536429116004	405
WQ	2016	2	10	41	-2.7	14.9	11.7067631909855	1.71765435420746	0	1.6	4.60970888998978	405
WQ	2016	2	11	42	2.1	8.3	5.21864279263276	0.862933096967789	0	1.4	6.95153472778004	405
WQ	2016	2	12	43	2.5	4.9	5.27059439965046	0.474673037336041	1	2.5	7.98767228192082	405
WQ	2016	2	13	44	0	3.9	5.32317145683023	0.732864143532866	4.7	4	6.09892546743676	405
WQ	2016	2	14	45	-5.6	1	14.9354674113167	1.29874007413484	0	2.4	2.54178583854905	405
WQ	2016	2	15	46	-5.4	5.8	15.6656245444046	1.66336277795886	0	3.1	3.19390425611378	405
WQ	2016	2	16	47	-2.5	9.6	15.5804613863504	1.86464683937124	0	2.4	3.74800988527422	405
WQ	2016	2	17	48	-2.8	11.2	14.7676218053674	1.54205192193197	0	2.2	5.84721111056323	405
WQ	2016	2	18	49	0.3	10.5	15.0914180659666	1.85571148393217	0	2.1	4.45085769568719	405
WQ	2016	2	19	50	1.7	9.5	14.6833576578213	2.13406150678788	0	3.5	4.69513731046417	405
WQ	2016	2	20	51	-0.9	4.6	14.7977105891247	1.65253078956465	0	2.3	3.19541541905592	405
WQ	2016	2	21	52	-3.6	7.1	13.316898619736	1.6182080424122	0	3.2	4.20911952178164	405
WQ	2016	2	22	53	0.8	9	13.850407178039	1.35952725526658	0	2.3	6.82233475856204	405
WQ	2016	2	23	54	-3.2	5	15.6825964386525	1.69366006607626	0	2.9	3.38668800630164	405
WQ	2016	2	24	55	-6.1	7.4	15.8022531567055	1.58882760226031	0	2.1	3.61329624637532	405
WQ	2016	2	25	56	-2.8	10.9	16.0313404168383	1.62826492365004	0	1.4	4.95274762686492	405
WQ	2016	2	26	57	-2.8	10.3	16.5913607616949	1.85856934163253	0	2.4	4.81209615685147	405
WQ	2016	2	27	58	-0.1	9.2	15.3899640932765	1.78929448193211	0	2.4	5.13309748533763	405
WQ	2016	2	28	59	-0.7	9.1	16.8393042541198	1.84608568132751	0	3.2	5.46907604552338	405
WQ	2016	2	29	60	-5.6	6.3	17.1870410636247	1.56640791169458	0	1.4	2.98557192854603	405
WQ	2016	3	1	61	-3.2	13.6	17.0876821384559	2.23799371016957	0	2.9	5.50784497472707	405
WQ	2016	3	2	62	5.5	20.5	17.6643909090681	3.63403519083082	0	4.2	7.95568912290231	405
WQ	2016	3	3	63	7.6	23.6	17.5636179602941	3.80276420042517	0	3.9	10.0901318108165	405
WQ	2016	3	4	64	7.5	20.7	8.76167628805878	2.10343553393594	0	3.7	12.6958818668616	405
WQ	2016	3	5	65	5.4	14	16.7781403347774	2.23751356943354	0	1.6	6.36371433578974	405
WQ	2016	3	6	66	2.6	15.9	13.076882540901	2.40665216218454	0	2.5	6.35806804519363	405
WQ	2016	3	7	67	4.1	14.1	17.4816342989287	2.56239974243913	0	2.5	6.07002853785136	405
WQ	2016	3	8	68	0.6	7.8	17.2515049336857	2.92093371459203	0	4.5	2.713976607686	405
WQ	2016	3	9	69	-3.8	5.4	17.8410944938883	1.91856081440868	0	2.2	2.78413782030453	405
WQ	2016	3	10	70	-3.5	7.5	19.3821250214064	2.11112304649386	0	1.9	2.63975192281565	405
WQ	2016	3	11	71	-4.3	10.6	19.5101265224758	2.07488126863099	0	1.4	3.35851867888636	405
WQ	2016	3	12	72	-2.2	11.2	6.95959040251244	1.73317601180105	0	2.9	5.17977972296506	405
WQ	2016	3	13	73	1.1	11.4	18.5620388398267	2.3208758418009	0	2.5	5.52610185788604	405
WQ	2016	3	14	74	-1.6	16.4	18.8027769807477	2.74922660386679	0	2.3	5.41911991873104	405
WQ	2016	3	15	75	6.1	13.4	14.7933742169686	3.07880208197836	0	4.2	5.82568974937809	405
WQ	2016	3	16	76	3	17.6	18.5534688141502	2.7248262034169	0	2.4	8.03419733090278	405
WQ	2016	3	17	77	7	19.9	11.6786048411936	2.94182211340627	0	3.5	9.31197173143256	405
WQ	2016	3	18	78	7.9	22.1	14.964234538666	2.49616721011572	0	1.8	13.0395078275167	405
WQ	2016	3	19	79	8.4	16.6	7.38397894507894	2.43084799869696	0	3.6	8.82492275690949	405
WQ	2016	3	20	80	3.9	15.7	12.5438957357238	2.42105066432968	0	2.4	6.86692006644862	405
WQ	2016	3	21	81	2.1	19	18.4997216480535	2.93722624204654	0	2.1	7.2702517908204	405
WQ	2016	3	22	82	6.8	17.5	15.0940495382723	2.83581299136312	0	2.8	8.36687476974323	405
WQ	2016	3	23	83	6.1	12.8	17.4554552868785	2.49612015017687	0	1.8	6.41271180325762	405
WQ	2016	3	24	84	2.2	13.8	18.8227602169872	2.88807732199885	0	2.2	4.35818210194129	405
WQ	2016	3	25	85	0	14.3	20.9625981282321	2.96688559481159	0	2.4	4.70566727578557	405
WQ	2016	3	26	86	1	17.3	20.9479042572843	3.02609176727334	0	1.8	5.52633064659323	405
WQ	2016	3	27	87	4.3	21.3	21.6999996482318	4.4187236062241	0	3.1	5.04569866449215	405
WQ	2016	3	28	88	7.4	21.6	21.5551004767924	4.77409450853686	0	4.4	7.21972768014547	405
WQ	2016	3	29	89	9.6	21.5	22.1819613120744	4.3468009005092	0	2.7	6.57974302203617	405
WQ	2016	3	30	90	6.9	23.4	21.7739942348756	3.80527891959922	0	2.3	10.0701382466657	405
WQ	2016	3	31	91	11.5	23.9	22.2718287503304	5.05486778970632	0	6.1	11.8883599511619	405
WQ	2016	4	1	92	15.3	24.2	20.6810986627149	4.38854048260152	0	4.5	14.9892425982094	405
WQ	2016	4	2	93	12	19.5	21.5675080571322	4.55502259212709	0	4.3	8.43972114026304	405
WQ	2016	4	3	94	13.7	18.5	21.8002836413323	3.86124876400135	0	1.9	7.0252968777292	405
WQ	2016	4	4	95	6.2	20.2	22.5604029900293	3.62077462825538	0	2.7	9.44924408957629	405
WQ	2016	4	5	96	8	23.9	23.1909519828831	4.19429442230857	0	3	11.3087044776797	405
WQ	2016	4	6	97	11.2	22.7	18.1114754884179	3.27465899165769	0	2.3	13.6985845425721	405
WQ	2016	4	7	98	12.1	26.2	22.8584386959127	4.23001964163701	0	2.3	14.4396772260602	405
WQ	2016	4	8	99	11.3	23.4	21.6181222285686	4.0943543636145	0	1.8	8.0127796439006	405
WQ	2016	4	9	100	10.9	27.3	21.70876778856	4.1701150778232	0	3.1	16.5241684552592	405
WQ	2016	4	10	101	6.7	17	23.1421724215638	4.04941444933377	0	4.4	7.29783972691878	405
WQ	2016	4	11	102	4.7	16.2	12.4493126715657	2.47588293983956	0	2.5	7.95277666422434	405
WQ	2016	4	12	103	8.7	16.8	8.72517447823124	1.57831916813997	0	1.5	12.7608817972513	405
WQ	2016	4	13	104	8.1	27.7	18.9390072712912	3.4839073177992	0	1.8	16.5410267511846	405
WQ	2016	4	14	105	13.1	22.9	24.1769117065229	5.07847868709749	0	3.4	9.24518556859458	405
WQ	2016	4	15	106	9.1	26.9	19.904831437219	4.0860562333019	0	2	11.7507900646146	405
WQ	2016	4	16	107	11.4	23.3	12.4700626708623	2.82861694313173	6.3	3.4	15.3622992181067	405
WQ	2016	4	17	108	5.8	20.6	23.1992578901032	4.64321916133732	0	3	5.19062848268485	405
WQ	2016	4	18	109	6.7	19.4	25.4720801026916	4.2684194965678	4.2	2.5	6.63018695904268	405
WQ	2016	4	19	110	9.5	20.1	13.1834133862486	3.26090344982547	0	2.7	9.02754994720086	405
WQ	2016	4	20	111	11.9	22	19.7107719403133	3.4895145363232	0	1.7	12.5155474472338	405
WQ	2016	4	21	112	9.4	30.3	25.2972419395017	5.90084521241552	0	3.7	13.1905927205792	405
WQ	2016	4	22	113	14	25.8	25.2342942338014	5.93800387130133	0	2.8	4.92050738777363	405
WQ	2016	4	23	114	13	19.5	9.23679214263327	3.83895786399778	0	3.3	6.77637180672737	405
WQ	2016	4	24	115	10.1	25.6	24.6852067925794	5.13063141379676	0	3.6	11.5234160651324	405
WQ	2016	4	25	116	15	25.7	25.0318868028358	5.5067345744474	0	3.4	11.7679365129592	405
WQ	2016	4	26	117	14.3	24	19.2500354927167	3.80760715657877	0	1.8	13.3803431122459	405
WQ	2016	4	27	118	10.8	21	19.1668006400938	3.59890342964546	0	2.4	11.3471084509974	405
WQ	2016	4	28	119	12.5	25.7	23.9715845381793	4.27941103716455	0	1.4	13.3049488639725	405
WQ	2016	4	29	120	12.8	27.3	27.1101761363904	5.88676773421355	0	5.2	14.5545566180259	405
WQ	2016	4	30	121	17.2	29.8	25.2118039015409	5.10378474105605	0	2.1	19.394733545763	405
WQ	2016	5	1	122	22.7	30.6	25.5512133743364	5.51297930656425	0	2.1	22.5229837559493	405
WQ	2016	5	2	123	11.5	23.9	9.59296128524054	2.34519649380907	6.2	2.5	16.4275519325146	405
WQ	2016	5	3	124	8.4	26.2	27.7745980056042	5.37003282008509	0	3.4	11.7097076759651	405
WQ	2016	5	4	125	8.7	28.3	27.2680476319216	5.11640969144836	0	2.3	13.6715173861782	405
WQ	2016	5	5	126	16.3	27.1	23.2336805528286	4.56619001679386	0	2	17.4071462897817	405
WQ	2016	5	6	127	13.8	23	22.1528275152312	4.35333560193828	0	2	10.7491599677118	405
WQ	2016	5	7	128	14.2	24.8	26.5785475485402	5.08468902314546	0	1.9	9.73689850896373	405
WQ	2016	5	8	129	14.4	21.5	14.7470691400106	3.22978997077361	0	2.1	13.0354880957021	405
WQ	2016	5	9	130	12.3	17.9	13.2258604442676	2.49260708119524	0	2.1	13.0559948378387	405
WQ	2016	5	10	131	12.6	26	26.7196940719687	4.66491267164784	0	2	16.3895912933914	405
WQ	2016	5	11	132	14.5	28.8	27.7562799375551	5.14101168923524	0	2	19.0768280693244	405
WQ	2016	5	12	133	13.5	24.8	13.0400437347879	3.21662163256165	1.1	5.3	17.7752693559515	405
WQ	2016	5	13	134	7.6	23.4	27.2730765857633	4.48258266762563	0	2.3	11.9621662460996	405
WQ	2016	5	14	135	11.3	18.6	9.97365630811928	1.70063530203853	10.9	2.5	16.018465339798	405
WQ	2016	5	15	136	11.8	23.3	22.5156705370251	4.03896565263103	1.2	2.1	13.7962334668339	405
WQ	2016	5	16	137	10.7	28.8	28.3840995050677	5.14353115360334	0	2.1	17.0507269325724	405
WQ	2016	5	17	138	13.7	28.9	28.8472571426043	6.37027381120528	0	4.2	14.7083865174006	405
WQ	2016	5	18	139	15.6	27.3	26.8874521518958	5.77237858029786	0	3.8	15.392625755354	405
WQ	2016	5	19	140	12.1	27.1	26.9197598860873	5.04205692600551	0	1.9	13.744911671796	405
WQ	2016	5	20	141	13.6	26.9	25.524605980943	4.87638799368843	0	1.8	14.2857540332369	405
WQ	2016	5	21	142	14.5	28.5	24.9829029075381	5.11087687274655	0	2	14.9650164541707	405
WQ	2016	5	22	143	12.8	27.3	26.2950129582782	4.86920710142027	0	1.6	14.8098997165877	405
WQ	2016	5	23	144	17.2	23.6	10.1866035960194	2.41890131168828	0	1.2	17.307842735612	405
WQ	2016	5	24	145	11.6	28.5	28.2042280293976	5.80609819778021	0	2.9	13.4063072107287	405
WQ	2016	5	25	146	15.7	25.8	21.0848123227529	4.34396166957921	0	1.7	14.040505488878	405
WQ	2016	5	26	147	13.8	28.5	25.3942044503161	4.9137946712873	0	1.4	14.2203207653189	405
WQ	2016	5	27	148	15.5	24.9	13.4064990741665	3.15539237323162	0	1.8	15.9574368764217	405
WQ	2016	5	28	149	13.9	24.9	27.5813930344473	4.84460860036387	0	2.4	16.343402182319	405
WQ	2016	5	29	150	13.4	29.6	26.886061667033	5.0119804190494	0	1.7	19.89433405218	405
WQ	2016	5	30	151	18.9	33.3	27.4768673957184	6.45661462218742	0	3.7	22.9922756810813	405
WQ	2016	5	31	152	19.9	29	26.4927553417371	6.03104757095255	0	3.8	19.3050462599167	405
WQ	2016	6	1	153	16.2	28.7	23.0742690332202	6.04141141823224	0	3.6	13.0013969250769	405
WQ	2016	6	2	154	13.6	30.3	26.5241599455469	5.82723265968051	0	2.1	11.7484074478638	405
WQ	2016	6	3	155	19.5	26.2	10.3621645444468	3.1604975577189	0	1.8	16.1545601249726	405
WQ	2016	6	4	156	15.8	30.1	26.9807914263544	5.52278561221315	0	1.9	16.9754238814369	405
WQ	2016	6	5	157	17.7	27.6	10.3841319216454	3.35096576760264	0	2.9	18.584014085137	405
WQ	2016	6	6	158	16	28.7	10.3939730946226	2.96572216587988	0	2.4	20.4303926511952	405
WQ	2016	6	7	159	17.9	25.2	10.4030537716379	2.73378606818908	0	2.3	19.4500100091304	405
WQ	2016	6	8	160	15.8	32	27.3092121430344	5.50598400015994	0	1.5	19.977389217743	405
WQ	2016	6	9	161	18.1	33.6	27.7468246206695	7.00329541524284	0	4	20.0170659555904	405
WQ	2016	6	10	162	23.5	33.1	22.5983714082861	7.16877225222912	0	5.7	22.2710943516421	405
WQ	2016	6	11	163	17.9	31.8	26.3277966501325	5.52718248801993	9.9	1.5	18.5689574415717	405
WQ	2016	6	12	164	20.4	32	28.337749660324	6.37633171411688	0	2.1	17.1638059360973	405
WQ	2016	6	13	165	19.7	31.2	10.4416162280387	3.39022291525869	42.3	3.1	24.2791882498747	405
WQ	2016	6	14	166	18.2	23.3	10.4453975722713	2.118048733617	15.2	2	22.5266356350292	405
WQ	2016	6	15	167	17.3	29.2	28.7766821030381	5.75605965306961	0	3.1	20.4920889505206	405
WQ	2016	6	16	168	18.6	35.7	28.7778729214512	6.84243073020804	0	2.3	19.5682871939976	405
WQ	2016	6	17	169	23.9	35.7	24.0534719372189	8.29657365489457	0	4.8	18.5009102983789	405
WQ	2016	6	18	170	23.8	34.8	25.9142266211534	6.84937048092462	0	2.7	20.4218609921837	405
WQ	2016	6	19	171	21.7	35.1	19.3281033232756	5.63119486709109	0	2.8	22.686957540637	405
WQ	2016	6	20	172	23.1	31.5	10.4522816134501	3.13057530480354	0	2.2	27.1871859801917	405
WQ	2016	6	21	173	24.1	35.8	21.470764358358	5.31643684136309	0	2.8	33.2924569845299	405
WQ	2016	6	22	174	21.9	35.7	25.6170797241644	6.25382676941441	4.5	4	30.4983429384735	405
WQ	2016	6	23	175	21.2	29.6	10.4455940527958	2.65013059705673	47.9	2.9	28.323717604394	405
WQ	2016	6	24	176	17.8	32.9	29.0396988480562	6.25370809205738	0	2.3	21.1205334488329	405
WQ	2016	6	25	177	20.5	35.1	29.6045646654996	6.5871832539565	0	1.6	18.147316563653	405
WQ	2016	6	26	178	18.9	33.9	23.1605466205053	5.96644115071745	0	2.5	18.6835911142186	405
WQ	2016	6	27	179	23.7	32.9	24.4392973928048	7.80776663537026	0	6	20.6247830250749	405
WQ	2016	6	28	180	21.9	29.4	21.9996125218787	5.67358744901422	0	4.3	21.1902610450052	405
WQ	2016	6	29	181	21.7	33.4	28.5649712488156	6.37280621122767	0.5	3	26.7032846796902	405
WQ	2016	6	30	182	23.6	32.1	21.8363814915559	5.32056776033347	0	3.1	26.9315660971981	405
WQ	2016	7	1	183	20	29.8	10.3948793140467	2.65295046880593	23	1.8	26.1316555273791	405
WQ	2016	7	2	184	21.7	32.6	10.3851843821646	2.87484912943711	0	1.3	26.6759469957078	405
WQ	2016	7	3	185	21.2	29.2	10.3747448229014	2.74770487025075	26.9	2.3	26.2797224773574	405
WQ	2016	7	4	186	21	30.1	10.3635608935463	2.63911250690211	0	1.6	27.0178740072513	405
WQ	2016	7	5	187	20.2	30.3	28.3357438293907	5.61746605927682	0	1.7	24.062447089346	405
WQ	2016	7	6	188	20.5	32.3	26.6055892901778	5.48144988001636	0	1.2	23.9171420604845	405
WQ	2016	7	7	189	23.4	32.4	10.3255452251309	2.90310978075955	0	1.4	27.8691893381204	405
WQ	2016	7	8	190	24.3	32.5	10.311386099133	3.15996652824682	0	2.3	29.3367473882525	405
WQ	2016	7	9	191	25.4	32.2	10.296483700375	2.87083356543199	6.2	2	32.2112784136865	405
WQ	2016	7	10	192	23	33.8	23.9608997516071	5.27168186276717	0	1.7	30.6650466384808	405
WQ	2016	7	11	193	23.8	34	27.5005173484493	6.22384939517951	0	2.6	29.349783027831	405
WQ	2016	7	12	194	22.5	29.4	10.2473189519017	2.68551398681776	8.5	2.3	27.9816626190618	405
WQ	2016	7	13	195	22.4	31.6	13.5030474156432	3.35161062939258	0.1	2.8	30.1654715477568	405
WQ	2016	7	14	196	22.8	28.3	10.2108300790634	2.58869156876481	0.1	1.9	27.1505796841512	405
WQ	2016	7	15	197	20.5	25.2	13.0355058208951	2.77350901222091	9.8	2.1	23.8737524743496	405
WQ	2016	7	16	198	19.1	28.1	23.2475334556744	4.46616063327917	0.1	1.4	23.4512257528712	405
WQ	2016	7	17	199	21.5	29.2	15.5487800555177	3.35075320334843	0	1	26.1356799992228	405
WQ	2016	7	18	200	22.1	31.5	10.1289526683219	2.67646468537342	0	1.7	29.1286329524912	405
WQ	2016	7	19	201	24.5	28.8	10.1066313487893	2.61180267852434	0	2.3	29.5438990578158	405
WQ	2016	7	20	202	24.1	27.7	10.0835701702992	2.43618673242225	49.3	5.4	30.2232506637578	405
WQ	2016	7	21	203	23.3	30.1	10.0597697064891	2.48147248809481	0.9	2.6	31.3644506306051	405
WQ	2016	7	22	204	23.2	33.2	21.5076565872726	4.56326536035481	0	0.5	34.1009609904906	405
WQ	2016	7	23	205	26.3	34.6	10.0099536033287	2.5109378553914	40	2.1	40.5908835936833	405
WQ	2016	7	24	206	27.1	35.1	20.5915405497295	4.72797771732524	0	2.5	40.1946234166856	405
WQ	2016	7	25	207	27.7	35.4	25.2205458960808	5.78860132538089	19.1	3.4	39.7428791324993	405
WQ	2016	7	26	208	25.4	31.1	20.2384023922771	4.37380233247116	2.1	2.4	32.9896671416401	405
WQ	2016	7	27	209	22.7	31	22.4591643675315	4.53786319165804	0	1.8	31.5438243680778	405
WQ	2016	7	28	210	24.4	33.5	25.8026669804597	5.42480401972705	0	1.7	35.3858353676107	405
WQ	2016	7	29	211	22.8	35.2	24.3500103975333	5.28887737385562	0	1.2	32.5739453524814	405
WQ	2016	7	30	212	24.7	36.7	24.1650712149769	5.44899067752803	8.7	1.3	37.6026922355375	405
WQ	2016	7	31	213	24.4	33	19.7619160806905	4.3386508571508	0	1.7	33.9631338842192	405
WQ	2016	8	1	214	23.6	30.3	15.6473249492591	3.26107764496528	88.8	1.2	33.6178649819294	405
WQ	2016	8	2	215	24.1	30.6	20.6581995705076	4.23716030794801	25.9	1.9	32.5299325606638	405
WQ	2016	8	3	216	22.8	31.1	22.4340150657672	4.59585671572715	0	2.1	30.6342271910039	405
WQ	2016	8	4	217	23.9	31.5	23.0847076161517	4.77251410300216	0	1.1	31.1113047300372	405
WQ	2016	8	5	218	25.5	32.1	9.61474757937477	2.35255368217958	0	0.8	34.5937871953337	405
WQ	2016	8	6	219	25.8	30.6	9.57928652587489	2.31228182904288	5	1.6	34.7093751377931	405
WQ	2016	8	7	220	24.6	28	10.5190129403696	2.36557622702788	0.6	2.1	31.272203205506	405
WQ	2016	8	8	221	23.1	26.4	9.50623715591364	1.89720742565302	10.3	3.5	30.087463851192	405
WQ	2016	8	9	222	24.9	32.1	9.46865597580795	2.27545268571041	0	0.9	35.2914719304015	405
WQ	2016	8	10	223	24.6	33.6	25.5327285338138	5.36469155965954	0	1.8	35.2538000885936	405
WQ	2016	8	11	224	25.5	34.5	23.6670151874799	5.20817413675279	0	2.6	36.676510592335	405
WQ	2016	8	12	225	27.3	35.3	23.8811400161649	5.38038072033067	0	2.3	39.7169249814843	405
WQ	2016	8	13	226	25.4	32.3	9.3113840578898	2.23674047298126	26.3	0.9	36.3600889375744	405
WQ	2016	8	14	227	24.4	29	9.27035282145765	2.22472163322503	0.1	1.5	31.0727571136518	405
WQ	2016	8	15	228	21.1	24.4	9.22864679809177	2.03268239131599	0.3	2.8	25.013859338276	405
WQ	2016	8	16	229	21.4	27.2	9.1862718237605	2.13982311919481	0	2	27.0870991643893	405
WQ	2016	8	17	230	23.6	29	9.14323408041237	2.07853355444827	1.9	0.8	31.480087731938	405
WQ	2016	8	18	231	24.4	30.9	9.09954010527663	2.24515160779166	0	2.6	33.8552609277845	405
WQ	2016	8	19	232	23.2	28.2	9.05519679978995	1.92499582811911	32.3	2.9	31.671930874663	405
WQ	2016	8	20	233	21.8	29.4	24.4119944050384	4.75724205581511	0	2.5	26.8443202413	405
WQ	2016	8	21	234	20.4	31.4	25.6927378858413	4.96973341876053	0	2	28.3205472947263	405
WQ	2016	8	22	235	20.7	31.1	24.6589210155058	4.82622763181361	0	2.1	27.8391050195912	405
WQ	2016	8	23	236	22.2	32.2	23.3570532513097	4.78733501736881	0	1.6	28.8176774450154	405
WQ	2016	8	24	237	25.3	32.2	8.82400839803479	2.46224207225532	0	2.1	33.3394605672924	405
WQ	2016	8	25	238	20.4	29	8.77593545270319	2.07763245618056	56.8	3.3	28.8111960473909	405
WQ	2016	8	26	239	17	27.7	23.9121041730446	4.42509761774712	0	1.8	19.2172512915431	405
WQ	2016	8	27	240	15.2	29.9	25.2974475404021	4.58311250116496	0	1.5	20.8117604064902	405
WQ	2016	8	28	241	17.8	29.4	25.4702562753037	4.91451709930324	0	2.1	19.9464995902494	405
WQ	2016	8	29	242	16.2	30.1	22.5740578701549	4.35795360886419	0	1.8	21.076423410607	405
WQ	2016	8	30	243	18.6	30.3	23.5467054377673	4.66379359086412	0	1.9	21.6402572960887	405
WQ	2016	8	31	244	17.9	32.7	24.1140567459109	5.20510079778841	0	2.6	22.3909311821869	405
WQ	2016	9	1	245	16.1	30.4	20.5797494065868	4.47034309874461	0	2	16.971140675744	405
WQ	2016	9	2	246	18.2	30.7	17.0649811426513	3.7105913374009	0	1.5	20.8208538701253	405
WQ	2016	9	3	247	18.2	29.6	22.4996575616829	4.3041760551688	0	1.7	21.8286930792281	405
WQ	2016	9	4	248	20	32.1	21.09146947064	4.24304882405881	0	1.4	25.9879687604364	405
WQ	2016	9	5	249	21	31	16.9509851680327	3.68598134342507	0.4	1.9	26.1734911814649	405
WQ	2016	9	6	250	19.8	30.8	8.15621649998513	2.05747451567213	0.2	1.3	27.6798353289795	405
WQ	2016	9	7	251	19.6	29.5	19.243471914436	3.69232733170535	0.7	1.4	24.9751758452182	405
WQ	2016	9	8	252	18.1	30.6	22.7633797468624	4.38742654025441	0	1.7	21.9922015225233	405
WQ	2016	9	9	253	17.1	31.5	21.6251796507965	4.02200088191661	0	1.1	24.31681501451	405
WQ	2016	9	10	254	21	31.7	17.0331455712774	3.65496888987551	0	1.4	25.066179522194	405
WQ	2016	9	11	255	18.6	27.6	15.2825106838442	3.2827026777655	0.2	2.3	21.3011622928798	405
WQ	2016	9	12	256	17.5	27.4	7.82113620993591	1.86130316176257	0	1.4	23.4468967347651	405
WQ	2016	9	13	257	19.7	29.1	12.4506475635195	2.69711391961698	0	1.3	24.0315526184347	405
WQ	2016	9	14	258	18.1	29.7	19.8173631920691	3.61380446834914	0	1.3	24.9903992615234	405
WQ	2016	9	15	259	19.1	31.2	20.2122089014752	3.79710626308003	0	1.2	26.682799921573	405
WQ	2016	9	16	260	18.8	31.6	19.9762396115184	3.6846363081504	0	0.7	26.2511269062976	405
WQ	2016	9	17	261	19.7	27.5	12.7643125854494	2.6019392157399	1.6	1.7	24.4625621794657	405
WQ	2016	9	18	262	19.2	23.4	7.47374284240325	1.85716600156777	0	2.3	21.1778293228492	405
WQ	2016	9	19	263	14.8	25.6	20.5034255709404	3.65348892843179	0	2.2	16.3887329027731	405
WQ	2016	9	20	264	11.7	26.2	20.6310429041121	3.22113608527976	0	1	16.0010908700646	405
WQ	2016	9	21	265	12.8	27.9	20.7554481276713	3.50242687402473	0	1.4	17.2796752791871	405
WQ	2016	9	22	266	14.6	29.2	20.1459601736776	3.92205954046412	0	2.3	18.2852176257358	405
WQ	2016	9	23	267	19.5	28.9	19.782614640753	4.88774916142401	0	3.8	17.4985083465968	405
WQ	2016	9	24	268	19.7	29	17.9734079935668	4.42408417007421	0	4.4	20.7929237048006	405
WQ	2016	9	25	269	17.6	30.1	14.7397372531558	3.20830226075787	0	2.2	22.6083947298051	405
WQ	2016	9	26	270	20.9	26.3	6.9983877757628	1.71950358489318	0	0.9	22.6891461430513	405
WQ	2016	9	27	271	18.3	22.8	6.93845044494894	2.23803864838606	0	2.6	17.0760671142132	405
WQ	2016	9	28	272	14.1	20.4	17.9903410520783	3.99075679418223	0	3.7	9.41367429660882	405
WQ	2016	9	29	273	7	24	19.1660994105489	2.74724093054817	0	1.2	12.9537716852106	405
WQ	2016	9	30	274	12	26.2	18.4561182210472	3.03499063197163	0	1.4	15.1324440201371	405
WQ	2016	10	1	275	12	25.5	6.69848786971756	1.72880484788361	0	1.9	18.1970899202486	405
WQ	2016	10	2	276	18.4	28.3	6.63855549662476	1.90153066160449	0	1.7	22.659157479276	405
WQ	2016	10	3	277	18	31.5	18.0875840539494	3.54867136824597	0	2.7	26.0756266121754	405
WQ	2016	10	4	278	18.3	30	14.9883261250858	3.25472594380482	0	3.2	24.1159785456939	405
WQ	2016	10	5	279	14.6	24.7	13.515500508378	2.58230375245464	0	2.1	16.9460396362793	405
WQ	2016	10	6	280	14.5	23.6	15.2266758728225	2.8445801078269	0	3.3	16.6594838689791	405
WQ	2016	10	7	281	13.8	18.9	6.34037658622377	1.18108780838785	4.4	1.5	17.1157188510821	405
WQ	2016	10	8	282	8.4	20.1	15.3425184375632	2.36225887601614	0.1	2.2	11.7474836193283	405
WQ	2016	10	9	283	5.9	16.2	12.4502954929415	1.77868080758743	0	1.3	8.86496100631941	405
WQ	2016	10	10	284	8.5	22.9	17.2195680418892	3.08275337075308	0	3.6	12.4874965027237	405
WQ	2016	10	11	285	10.6	22.4	6.10498816339436	1.95069463771075	0	2.1	12.7593545977138	405
WQ	2016	10	12	286	11.5	21.8	6.04677057668532	1.37843403300253	0	1.3	15.4785449775947	405
WQ	2016	10	13	287	11.9	26.5	15.9789253759822	3.20019175221811	0	3.2	15.7801297441537	405
WQ	2016	10	14	288	13.6	24.7	16.2923555242788	3.06122285901541	0	2.6	14.2410241691416	405
WQ	2016	10	15	289	13.9	19.1	5.87399419881487	1.13360982144024	7.6	1.1	16.717359905955	405
WQ	2016	10	16	290	14.1	19.7	5.81710302624864	1.08583848222491	1.7	1.5	17.9593973271094	405
WQ	2016	10	17	291	13.7	23.1	12.223461898284	1.77046699579263	0	1.6	19.5542904380286	405
WQ	2016	10	18	292	12.9	21.3	7.8102984814655	1.2176844963628	0	1	18.8996705608476	405
WQ	2016	10	19	293	11.2	24.7	5.64884576024122	1.1922318314792	0	1.5	19.5442631943523	405
WQ	2016	10	20	294	15.4	19.6	5.59363895450293	1.33716881483975	0	3.6	17.5338389724494	405
WQ	2016	10	21	295	11.6	18.3	5.53890790717363	1.29663772639309	0.5	3	14.5708119077464	405
WQ	2016	10	22	296	8.7	13.1	5.48467406487057	0.715068024571645	3.5	4.9	12.6364609923586	405
WQ	2016	10	23	297	6.8	12.9	5.43095863667009	0.932704655878148	3	1.7	10.6475916591833	405
WQ	2016	10	24	298	4.5	10.1	11.9668608221992	1.19219777279049	1.4	1.7	8.41810833220248	405
WQ	2016	10	25	299	4.9	16.1	5.32516658194099	0.815968603989525	0.3	2.1	12.5372081262576	405
WQ	2016	10	26	300	12.5	17.6	5.27313105384271	1.02240060052597	0	1.6	15.2333617368055	405
WQ	2016	10	27	301	9.3	14.3	5.22169610947964	0.993135861596162	4.3	2.5	12.1866567165057	405
WQ	2016	10	28	302	7.6	14.5	8.92594174301902	1.48816523147606	0.3	2.4	9.70239812694833	405
WQ	2016	10	29	303	3.4	14.3	13.4668500910157	1.3366423031392	0	1	8.07197106582789	405
WQ	2016	10	30	304	5.4	17	13.4619979204061	2.18340943964254	0	4	9.21277091076701	405
WQ	2016	10	31	305	5.4	12.9	10.9363359844532	2.71442843109186	0	3.7	4.29294763974275	405
WQ	2016	11	1	306	-4.1	8.8	13.2593935967435	1.10343727255932	0	1.3	4.98799994836101	405
WQ	2016	11	2	307	-0.6	14	13.1599296585771	1.30215205328785	0	1.9	7.96883598502785	405
WQ	2016	11	3	308	4.9	17.3	12.5860775628305	1.36782364536515	0	3.6	12.07474896855	405
WQ	2016	11	4	309	8.5	19.9	10.8849540305357	1.4731295514539	0	3.2	14.421534349783	405
WQ	2016	11	5	310	9	15.1	4.78896586278025	0.826403249916606	0	3.6	13.1763176741282	405
WQ	2016	11	6	311	6.2	12	4.74457005154618	1.12516424538333	0	2.6	8.93266158650106	405
WQ	2016	11	7	312	4.4	10.7	7.67099467035355	0.836785546256208	4.9	2.2	9.34211815143964	405
WQ	2016	11	8	313	0	12	12.9608931867966	1.07450222927392	0	1.4	7.44944633027374	405
WQ	2016	11	9	314	0.2	11.5	12.502429167645	1.23677255473461	0	3.1	7.41275118241304	405
WQ	2016	11	10	315	4.9	15	11.4118634478328	2.04154518534406	0	4.7	8.22907769050338	405
WQ	2016	11	11	316	2.3	18.3	12.6002565459424	1.17957143529003	0	2.1	12.0027686088178	405
WQ	2016	11	12	317	4.9	13.7	4.49551717285787	0.659318924273468	0	1.7	11.3180438064864	405
WQ	2016	11	13	318	3.3	12.9	4.45703299653511	0.563003188518359	0	1	11.0840654496004	405
WQ	2016	11	14	319	5.8	14.1	8.42794867213334	1.14336936530095	0	1.9	9.36562017721084	405
WQ	2016	11	15	320	0.7	14.9	12.0009609243325	1.51839100687314	0	2	6.30996626326383	405
WQ	2016	11	16	321	4	16.2	10.9545376465977	1.11191163474663	0	1.7	10.3541342823518	405
WQ	2016	11	17	322	3.1	11.8	4.31223289258651	0.549144738698809	0	1.1	10.3072077738509	405
WQ	2016	11	18	323	6.2	13.3	4.27837818521362	0.61977869561874	0	0.8	11.5113272967054	405
WQ	2016	11	19	324	8.6	13.6	4.2454846067093	0.712991892169526	0.4	3	12.3049169692302	405
WQ	2016	11	20	325	4.7	12	4.21356293002044	0.786109354946672	0	2.3	9.59129476564969	405
WQ	2016	11	21	326	-0.5	9.5	4.18262351643714	0.578893644601005	2.5	6.2	8.17120399058158	405
WQ	2016	11	22	327	-4.5	-0.4	11.5860595490348	1.2020446851128	0	3.4	2.37058111362272	405
WQ	2016	11	23	328	-8.3	3.3	11.6073333340278	0.644946130614329	0	1.6	3.96245556127317	405
WQ	2016	11	24	329	-6.9	5.7	10.2755107264619	0.804804437828249	0	2.7	4.67205685599305	405
WQ	2016	11	25	330	-4.7	6.5	8.788532318828	0.761724802491443	0	2	5.10579085911651	405
WQ	2016	11	26	331	-0.4	10.7	11.1760875802085	1.4076742852592	0	2.6	4.98202954135993	405
WQ	2016	11	27	332	0.6	10	10.8710173777807	1.40037405218775	0	2.8	5.13137510717543	405
WQ	2016	11	28	333	-5.2	10.3	10.5701669785536	0.882973733424901	0	1.5	5.25322357758068	405
WQ	2016	11	29	334	-1.3	9.6	3.97158020371577	1.23822834603514	0	2.3	4.81471503415225	405
WQ	2016	11	30	335	-0.2	11.4	8.98934561129906	0.83262743710621	0.6	2.2	7.70247836194113	405
WQ	2016	12	1	336	-1.9	10.7	10.432813812587	0.98952519322183	0	1.6	5.27246554973015	405
WQ	2016	12	2	337	-2.2	12.5	9.48892736293702	0.961389137084976	0	1.6	6.30122997394765	405
WQ	2016	12	3	338	2.6	12.7	10.4341219896544	1.10164783478845	0	2.8	8.04880673808133	405
WQ	2016	12	4	339	0.6	7.5	3.87378752448038	0.494868247081831	0	1.7	7.62021211194027	405
WQ	2016	12	5	340	-0.8	7.4	3.85746734418957	0.823617394254716	0	2.6	6.02194228685227	405
WQ	2016	12	6	341	-3	10.5	10.0053509212599	1.11640800739357	0	3.4	6.06973462771861	405
WQ	2016	12	7	342	-1.8	10.6	9.89509434574142	0.75679979118783	0	1.3	6.25652320295552	405
WQ	2016	12	8	343	-0.1	11	3.81507223077073	1.44095375789081	0	3.3	5.66129541415937	405
WQ	2016	12	9	344	-0.6	4.4	8.47440911564139	0.743867145221999	0	1.3	4.12113681056834	405
WQ	2016	12	10	345	-4.8	6.9	11.0270237273932	0.637572441642729	0	1.4	5.05028922461537	405
WQ	2016	12	11	346	-4.5	8.3	8.2764940565236	0.628954015980489	0	1.2	5.51637800831079	405
WQ	2016	12	12	347	3.7	5.5	3.77400919324935	0.697615458928935	0	1.7	6.54298703995488	405
WQ	2016	12	13	348	-0.4	5	3.76652593637303	0.933793891899779	0	2.7	4.90961668656068	405
WQ	2016	12	14	349	-5.4	3.3	10.2345740111292	0.601299767363016	0	1.2	3.60694779675913	405
WQ	2016	12	15	350	-5.8	5.2	10.6226696443485	0.599581185348084	0	1.2	4.16270063297786	405
WQ	2016	12	16	351	-5.5	9.8	10.3742242944217	1.51689630678648	0	3.8	4.20433596210231	405
WQ	2016	12	17	352	-0.9	8.8	3.74779078414982	0.849308189041852	0	2.2	6.13646353406671	405
WQ	2016	12	18	353	-4.8	4.9	3.74591410718732	0.408546448125155	0	1	5.75766551474445	405
WQ	2016	12	19	354	-4.9	0.6	3.74516232038007	0.309096217335834	0	0.8	5.20565129876406	405
WQ	2016	12	20	355	-4.2	0	3.74553594410094	0.301150235368524	8.3	1.1	5.18549867498452	405
WQ	2016	12	21	356	-0.1	2.7	3.74703521214762	0.356251400537773	0	1.2	6.53853862489463	405
WQ	2016	12	22	357	-1.3	5.3	3.74966007131872	0.490928135992024	0	1.4	6.21831557367238	405
WQ	2016	12	23	358	-6.5	3.4	10.2217430359138	0.449642985287046	0	0.9	4.3893850928794	405
WQ	2016	12	24	359	-3.1	5.5	7.83466817913963	0.574415085551136	0	1	4.79278323987735	405
WQ	2016	12	25	360	-0.6	4.8	3.76428333521362	0.571505060815223	5.8	1.2	5.56265436531049	405
WQ	2016	12	26	361	-1.6	2	3.77140424318871	0.347630169029119	0.8	1.5	5.99459070277601	405
WQ	2016	12	27	362	-3.4	1.1	6.58824342338048	0.417738591636971	0	1.4	4.94447617608411	405
WQ	2016	12	28	363	-7.4	-1.7	3.78900715456136	0.290695453532927	0	1.3	4.22545960688191	405
WQ	2016	12	29	364	-7.8	-1	6.94043108338084	0.315886280153299	0	1.3	4.21926031085049	405
WQ	2016	12	30	365	-5.4	3.7	3.81107791783232	0.510813229624645	0	2	4.99992476627125	405
WQ	2016	12	31	366	-3.5	4.7	3.82378248417985	0.420048005069122	0	1.1	5.96637498808682	405
