WQ	2018	1	1	1	-4.7	8.6	9.32444518931335	0.913673584583167	0	1.5	4.0255105609457	405
WQ	2018	1	2	2	-4.3	2.5	3.83759587177089	0.553663193276179	0	3.4	4.93666015446226	405
WQ	2018	1	3	3	-5.1	0.7	8.64979956143504	1.13027085787522	0	2.8	2.22729186654744	405
WQ	2018	1	4	4	-3.8	-0.6	3.8685352644581	1.18279278487454	0	2.4	1.77783364353899	405
WQ	2018	1	5	5	-8.7	3.5	10.265239394754	0.775071695802551	0	1.4	2.53377419162002	405
WQ	2018	1	6	6	-8.2	4.7	9.81162609242927	0.924894434697733	0	2	3.01767571728452	405
WQ	2018	1	7	7	-1.7	1.8	3.92316521029367	0.652120035029028	0	1.1	3.82801159944551	405
WQ	2018	1	8	8	-3.6	1.5	10.4707280619774	1.61750421214736	0	5	2.35527039630821	405
WQ	2018	1	9	9	-7.3	4.1	10.5993946705367	1.63754447288499	0	3.8	1.87529894064709	405
WQ	2018	1	10	10	-10.9	1.4	11.0639307934328	0.826261538373573	0	1.5	1.69534759245688	405
WQ	2018	1	11	11	-13.3	-1.8	11.2832778316479	0.766411519642747	0	1.8	1.47094924877247	405
WQ	2018	1	12	12	-12.5	4.5	11.3384110719986	1.26263186541009	0	3.2	2.31368170671846	405
WQ	2018	1	13	13	-5.6	7.9	11.2272044429158	1.53526016820806	0	4.1	3.81641675648262	405
WQ	2018	1	14	14	-0.6	7	7.9835593703033	1.2150534442769	0	2.5	4.36286483098105	405
WQ	2018	1	15	15	-5.6	4.8	4.11606722141969	0.630619851857449	0	1.3	4.48214367192342	405
WQ	2018	1	16	16	-3.4	5.6	8.16227455611205	0.977005831118966	0	2	4.01570261348732	405
WQ	2018	1	17	17	-6.7	4.6	4.17473545172712	0.712743453578784	0	1.7	4.14141977925595	405
WQ	2018	1	18	18	-5.7	4.8	4.2055916281143	0.695183356380298	0	1.1	3.84151916654386	405
WQ	2018	1	19	19	-3.7	9.8	9.09642760118159	0.793916047460986	0	1.4	6.20203777216717	405
WQ	2018	1	20	20	-4.7	8.6	4.27030106599601	0.672024710526136	0	1.5	6.03826584141855	405
WQ	2018	1	21	21	-1.5	2	4.30413422801341	0.668415760180264	0	4.2	5.19950805016691	405
WQ	2018	1	22	22	-5.6	-1.5	4.33893889554566	0.412754781379524	0.4	3.8	4.2732915329699	405
WQ	2018	1	23	23	-10.7	-4.5	11.910752984878	0.795645355625461	0	2.2	1.66303406327743	405
WQ	2018	1	24	24	-13.2	-1.5	11.7226164984838	0.699109161321895	0	1.4	1.88187363153118	405
WQ	2018	1	25	25	-9.6	-2.1	12.0713043644746	1.03289011101372	0	2.9	1.8005328278211	405
WQ	2018	1	26	26	-10.1	-2.7	10.6209923632637	0.634306373914122	0	1.4	2.3916699651342	405
WQ	2018	1	27	27	-9.2	-1.9	4.52712937811936	0.591391627605931	0.5	1.8	2.84133908046141	405
WQ	2018	1	28	28	-9.3	-2.4	10.9565944828525	0.555175074524654	0.4	1.4	3.13378436137397	405
WQ	2018	1	29	29	-12.9	1.4	12.6894060100425	0.830886881528834	0	2.5	2.88715441268871	405
WQ	2018	1	30	30	-9	5.7	11.0256391229799	1.42666036256248	0	2.9	2.63386625564379	405
WQ	2018	1	31	31	-4.7	5.6	12.9671866317216	1.11249522824605	0	1.3	2.68079429330316	405
WQ	2018	2	1	32	-7.6	7.6	12.6884444008309	1.2418092937192	0	1.5	2.63877507543865	405
WQ	2018	2	2	33	-7	-0.3	13.4419384516372	1.47563626677799	0	3	1.29457144689535	405
WQ	2018	2	3	34	-12.1	1	13.8263684422164	0.72300613357442	0	0.6	1.7065894705615	405
WQ	2018	2	4	35	-12	3.4	13.7392840306731	1.00981854448527	0	1.4	2.14830837669163	405
WQ	2018	2	5	36	-7.8	-0.1	14.0349561613688	1.04473974691165	0	1.4	1.51357595158957	405
WQ	2018	2	6	37	-11.7	3.7	14.237940031614	1.20947928926813	0	1.8	1.88219324950148	405
WQ	2018	2	7	38	-6.7	2.1	14.0548249031953	1.50593259730114	0	2.8	1.83688370330416	405
WQ	2018	2	8	39	-11.3	5.3	13.3802122867418	1.39469253432288	0	2.5	2.41145564925497	405
WQ	2018	2	9	40	-2.1	7.4	13.8779625170886	1.71660580810423	0	2.2	2.71815253552374	405
WQ	2018	2	10	41	-8.3	2.5	13.1929964923616	1.388209859854	0	1.9	1.26950802989716	405
WQ	2018	2	11	42	-10	0.8	14.4933704099908	1.45024894057193	0	2.6	1.25955237119643	405
WQ	2018	2	12	43	-8.4	6.6	14.9069715471785	2.08468179858792	0	3.1	1.36369505477463	405
WQ	2018	2	13	44	-4.7	15.5	14.5172535675718	3.3146438405422	0	4.1	2.63027109842419	405
WQ	2018	2	14	45	-2.9	8	6.08820249013215	1.77018672362212	0	2.7	2.89721581939842	405
WQ	2018	2	15	46	-6.6	7.8	14.4373640092349	1.27271653254491	0	1.1	3.0764686833313	405
WQ	2018	2	16	47	-4.9	9.7	14.2411945585062	1.79942470816469	0	2	2.8487894791032	405
WQ	2018	2	17	48	-5.2	6.5	5.53932174160333	1.03881214354138	0	1.5	3.80269831686361	405
WQ	2018	2	18	49	-1.8	10.2	5.59471393466924	1.11779178398175	0	1.3	5.16138008203256	405
WQ	2018	2	19	50	-1.3	9.3	12.6877494211601	1.24439479564813	0	1.6	6.2168701355168	405
WQ	2018	2	20	51	-1.7	4	5.70697152818186	1.04972478357648	0	3.1	4.73374455045568	405
WQ	2018	2	21	52	-5.2	9.6	15.5509159687511	1.69987578811149	0	2.2	4.10615202461486	405
WQ	2018	2	22	53	-3.7	12.4	15.563337905774	2.04443090068699	0	3.1	5.14245603962236	405
WQ	2018	2	23	54	-3.1	16.6	15.8980665842377	2.65359753996509	0	2.2	3.20643288925745	405
WQ	2018	2	24	55	-1.7	7	13.0919502463707	2.22909507090683	0	5	3.54452027821564	405
WQ	2018	2	25	56	-7	10.6	16.2495182865147	1.66024804054345	0	1.8	4.34484825765764	405
WQ	2018	2	26	57	1.9	15.6	15.2741787886072	1.75153395509106	0	1.3	8.28439880580873	405
WQ	2018	2	27	58	0.6	8	6.1129667365085	1.21269589848437	0	3.6	6.32981492658596	405
WQ	2018	2	28	59	-0.3	10.3	11.7280409886728	1.53779732640865	0	2.6	6.29156434792716	405
WQ	2018	3	1	60	-1.4	8.6	17.8577614653678	2.15110411307868	0	2	2.50305364856873	405
WQ	2018	3	2	61	-1.1	15.9	17.0876821384559	3.03598381851631	0	5.4	6.16278921723484	405
WQ	2018	3	3	62	8.2	13.3	6.35189147961542	1.44480788693186	0	4.8	10.5902930388234	405
WQ	2018	3	4	63	0.3	11.9	6.41217285825564	1.52298396861996	0	5.9	7.56602731775783	405
WQ	2018	3	5	64	-3.8	7.4	17.1167081536189	1.7780949028244	0	2	3.72714433509355	405
WQ	2018	3	6	65	-2.3	7.6	14.3608015497072	2.0107594260236	0	4.1	4.2112016197311	405
WQ	2018	3	7	66	-0.8	10.3	15.507980532072	1.75879235840259	0	1.9	5.66992457045218	405
WQ	2018	3	8	67	-1.3	8.3	18.2965587226947	1.99219077283194	0	2.9	4.78574841899371	405
WQ	2018	3	9	68	-4.3	13.8	17.6026989469711	2.6038918042036	0	4.1	5.25739753233859	405
WQ	2018	3	10	69	3.1	14.9	15.9577832088176	2.19372196697426	0	3	8.35570130553688	405
WQ	2018	3	11	70	-0.9	12.6	12.7548425517194	1.7585172018075	0	2.8	7.00681414462279	405
WQ	2018	3	12	71	0.5	23.4	17.4875259542944	2.87003946650869	0	3.3	11.9391587477616	405
WQ	2018	3	13	72	13.7	25.9	19.0395130635231	4.22924145422047	0	4.4	14.7281027530644	405
WQ	2018	3	14	73	15.1	27.7	18.0811423353404	4.66732402473994	0	4.9	15.749203387051	405
WQ	2018	3	15	74	1.8	21.4	9.86068872005102	2.72478708471333	0	4.4	10.2197834636468	405
WQ	2018	3	16	75	-3.4	9.5	20.2585183838825	2.17695546420871	0	2.3	4.32280709369834	405
WQ	2018	3	17	76	1.7	5.1	7.2028441669035	1.37579869994256	0.7	2.6	5.02097037086522	405
WQ	2018	3	18	77	1.1	7	12.4144749922061	1.32255319762569	1.2	2.5	6.81962036194384	405
WQ	2018	3	19	78	0.9	13.4	19.1541669781891	2.4216173216573	0	3.2	7.00607594469232	405
WQ	2018	3	20	79	1.5	8.1	18.0320128210013	2.70906508667085	0	3.7	3.60981244700535	405
WQ	2018	3	21	80	-1.1	11.8	19.3852318628414	2.54111246055652	0	2.1	3.99293300844582	405
WQ	2018	3	22	81	3.1	17.4	16.8753216484357	2.57921104726128	0	1.5	6.46381214271811	405
WQ	2018	3	23	82	5.5	23.7	18.9849184015349	3.73803102954337	0	3.1	10.1596668895699	405
WQ	2018	3	24	83	6.9	23.7	19.7245694665888	3.41031946758086	0	1.8	9.81401796199919	405
WQ	2018	3	25	84	6.5	24.8	20.2154005545573	4.12028770807124	0	3	9.83570963071156	405
WQ	2018	3	26	85	9.4	27.1	19.5640907570135	4.65441477019029	0	4	12.3909902576766	405
WQ	2018	3	27	86	15.4	28.6	19.2883003491494	5.02659315753494	0	5.3	16.9913133167125	405
WQ	2018	3	28	87	13.4	24.7	11.1894091411487	3.30468642302545	0	4.4	15.3417782247715	405
WQ	2018	3	29	88	10.9	15.8	7.91447189035661	3.66966361676893	0	4.7	6.19840406855538	405
WQ	2018	3	30	89	7.3	21.2	15.9811563923291	3.20798017680477	0	1.9	7.61187562438911	405
WQ	2018	3	31	90	10.8	24.1	11.2705141059387	3.15911099504592	0	4	13.9660255498949	405
WQ	2018	4	1	91	12.6	26.8	20.9703033490723	3.6307650664819	0	2.1	18.4361668291991	405
WQ	2018	4	2	92	16.5	31.3	21.2035913562018	5.33936103713459	0	4.5	19.6635641776293	405
WQ	2018	4	3	93	7.3	24.1	8.19689888515913	5.74744978269562	0	8.6	8.04911863882118	405
WQ	2018	4	4	94	3.7	7.3	8.25206012274969	2.0251989785664	0.1	4.1	5.18395831152849	405
WQ	2018	4	5	95	0.2	6.8	8.30674182661516	1.06477485873209	2.9	1.8	6.91410095214428	405
WQ	2018	4	6	96	2.6	11.8	21.4696099765573	4.00917225738773	0	6.2	3.81725257001218	405
WQ	2018	4	7	97	-0.7	16.3	23.823330544017	4.34611958250649	0	4.2	3.40731707651357	405
WQ	2018	4	8	98	6.7	19.7	22.8584386959127	4.78891521140436	0	4.1	5.73407609243498	405
WQ	2018	4	9	99	7	26.2	22.820976922822	4.86081794018427	0	3.6	10.7879503370054	405
WQ	2018	4	10	100	14.6	25	8.57243253249432	4.12326686223638	0	4.1	11.3497952310056	405
WQ	2018	4	11	101	7.6	24.6	18.840470550444	3.7399361199757	0	1.7	8.48079416783354	405
WQ	2018	4	12	102	12.3	25.7	22.1550824188343	4.42182009866778	0	2	10.1756011216554	405
WQ	2018	4	13	103	8.9	20.5	8.72517447823124	1.72423786131538	14.8	2.5	15.0958681578188	405
WQ	2018	4	14	104	8.2	17.2	21.6494357919388	3.2882264295138	0.6	3	10.064653878695	405
WQ	2018	4	15	105	5.3	21	24.0410453453796	3.7423399372733	0	1.5	7.26216952180417	405
WQ	2018	4	16	106	7.6	22.4	23.5822747861013	4.49781279716239	0	3.6	9.57008329325057	405
WQ	2018	4	17	107	10.7	24.3	24.0748747964268	5.04703752800562	0	4.6	11.6770588291405	405
WQ	2018	4	18	108	14.9	28.2	23.8834738891573	5.82118472830717	0	5.3	15.451996156418	405
WQ	2018	4	19	109	17.1	30.6	23.6891345286418	5.86751449390542	0	3.9	17.1216050663927	405
WQ	2018	4	20	110	16.6	30.7	25.2787183874566	5.95608609031779	0	3.3	15.7639529024193	405
WQ	2018	4	21	111	12.7	24.9	9.10523551408938	2.54781450886829	8	4.1	17.7777142665312	405
WQ	2018	4	22	112	8.7	12.7	9.1497774834819	1.3830229091964	46.3	4.7	11.6713347176209	405
WQ	2018	4	23	113	10.7	16.7	10.8530109695151	2.15389078914319	0	3.9	12.5924427782992	405
WQ	2018	4	24	114	9.9	22.4	24.6148981623666	3.9497284479819	0	1.8	12.5722899425332	405
WQ	2018	4	25	115	8.3	24.3	23.8524524043407	4.40043240060792	0	2.4	10.7456901722714	405
WQ	2018	4	26	116	11.9	25.7	24.6147836406154	4.24069650848417	0	3.1	17.373825466484	405
WQ	2018	4	27	117	15.3	24.1	24.9600062963239	4.50754419854453	0	2.2	14.932381085384	405
WQ	2018	4	28	118	14.2	30	25.4439451588783	5.56713357101944	0	3.4	17.0013556446347	405
WQ	2018	4	29	119	18.2	29.7	24.251000689362	5.88332959989711	0	4.1	17.8429522435521	405
WQ	2018	4	30	120	17.2	24.3	22.3530443675619	4.18099879935536	0	3.2	18.5018402793615	405
WQ	2018	5	1	121	13.7	21.3	9.51893131654856	2.07693946511379	8.3	2.8	17.0189522543705	405
WQ	2018	5	2	122	12.2	22.7	23.8675401685641	4.11153184967518	4.9	2.9	14.4211029741649	405
WQ	2018	5	3	123	10.8	23.4	27.0136331477921	4.71635105577181	0	2	10.2250612093227	405
WQ	2018	5	4	124	12.6	27.7	25.9459575141053	6.10047723230143	0	4.7	12.9335789495046	405
WQ	2018	5	5	125	17	24.2	12.4806509233009	3.3491447009703	2.4	3.6	17.1039103369362	405
WQ	2018	5	6	126	15.8	24.4	20.5548223056851	3.63654042862747	0.1	2.3	19.6485787855491	405
WQ	2018	5	7	127	15.4	26.8	25.1168806332508	4.70210767982377	0	2.4	18.1935108289681	405
WQ	2018	5	8	128	11.4	25.2	27.0024207243997	5.28288817633414	0	2.6	10.2459154816781	405
WQ	2018	5	9	129	11	27.7	25.7785877249968	5.23652313967157	0	2.4	12.0650820481012	405
WQ	2018	5	10	130	15.1	26.9	22.42736180736	5.13355380328863	0	3.5	14.7303326198307	405
WQ	2018	5	11	131	16.9	23.2	9.85897260591994	2.97798494376585	0	2.8	15.4995311425294	405
WQ	2018	5	12	132	15	25.6	22.0840628034321	3.93526179335482	0	2.7	19.9524696075708	405
WQ	2018	5	13	133	13.2	29.8	24.5353869156669	4.60869094385018	0	2	21.1348119340352	405
WQ	2018	5	14	134	22.3	33.2	25.852835788206	6.6886962155241	0	4.4	23.7275289679479	405
WQ	2018	5	15	135	21.6	29.1	9.97365630811928	2.59863507512151	82.6	2.3	27.0970523121099	405
WQ	2018	5	16	136	20.3	28.3	10.0004033517155	2.20828575826368	2.9	1.7	28.3397692289824	405
WQ	2018	5	17	137	18.6	23.5	10.0263793884392	2.31093521963265	0	3.1	21.4144056713577	405
WQ	2018	5	18	138	17.3	26.5	21.4429010472119	4.1504186592064	0	1.6	19.3012052203358	405
WQ	2018	5	19	139	15	24.4	15.4898688787967	3.44099028825749	0	2.1	15.4753913766807	405
WQ	2018	5	20	140	15.3	21.4	12.950539145808	2.34020800221491	7.2	2.3	19.0786384980033	405
WQ	2018	5	21	141	14.8	18.4	10.1225667837227	1.77379061147605	17.1	1.9	17.8599357716864	405
WQ	2018	5	22	142	14.1	25	21.2733481678433	3.72877348536626	19.5	1.9	19.3459839345631	405
WQ	2018	5	23	143	15.4	29.1	28.2932941000876	6.00865946620498	0	4	17.6248710019579	405
WQ	2018	5	24	144	15.7	29.6	28.1780428713818	6.63315377216891	0	4.7	16.0121271996821	405
WQ	2018	5	25	145	17.3	28.1	24.776071594309	4.84717238020071	0	2.6	21.0855829190655	405
WQ	2018	5	26	146	17.3	28.9	17.3697636784416	3.611966854001	0	1.9	23.5319828942448	405
WQ	2018	5	27	147	21.8	31.9	26.9664264049278	6.04915974416487	0	2.1	20.5515643383615	405
WQ	2018	5	28	148	20.5	31.8	26.8455247658876	6.82651152109172	0	3	14.9371786662436	405
WQ	2018	5	29	149	15.8	30.1	28.5824204205834	5.96053376053267	0	1.9	12.7315679110777	405
WQ	2018	5	30	150	16.6	32.2	29.0316029105235	6.00484532341505	0	1.6	15.7401343083255	405
WQ	2018	5	31	151	16	33.4	28.1921924893043	5.76274257880954	0	1.3	17.7541179653996	405
WQ	2018	6	1	152	17.2	33.8	27.7805731165816	5.67883164635164	0	1.1	17.6957060189002	405
WQ	2018	6	2	153	20.4	33.5	26.6521129788185	6.39224066658297	0	2.3	18.1674283113789	405
WQ	2018	6	3	154	19.6	32.9	25.5222230995702	6.21258979317444	0	2.7	19.2999692233488	405
WQ	2018	6	4	155	22.6	35	25.9656480969545	6.05006965452042	0	1.5	18.820939022432	405
WQ	2018	6	5	156	23.8	38.3	28.2692858965031	9.32731808984217	0	4.3	16.4581502765128	405
WQ	2018	6	6	157	24.3	37.8	28.9973284197326	9.97157766208671	0	5.1	16.3055842984596	405
WQ	2018	6	7	158	25.4	32	23.5673137200668	6.25568827550555	0	2.4	17.5973987957251	405
WQ	2018	6	8	159	19.4	31.2	17.5628692895469	4.69987920116551	0	2.1	17.6717595307364	405
WQ	2018	6	9	160	16.3	26.6	10.4113748357052	2.32648326396074	31.3	2.2	22.9445658248455	405
WQ	2018	6	10	161	16.3	24.4	22.3050087249454	3.82206405538145	1.8	2.4	21.1118617995568	405
WQ	2018	6	11	162	15	28.9	24.7464825472669	4.58693672244134	0	1.1	21.3297502416639	405
WQ	2018	6	12	163	18.7	35.3	26.6142112012739	6.17977442036131	0	2.2	23.225901512101	405
WQ	2018	6	13	164	20.3	29.4	19.6022230243482	4.77862655636192	3.8	2.9	21.0641193471126	405
WQ	2018	6	14	165	17	31	28.9146373350696	5.61337288359274	0	1.6	22.5061256104616	405
WQ	2018	6	15	166	19	32	24.9082353753476	5.44036617817545	0	1.9	21.5517230324567	405
WQ	2018	6	16	167	20.4	31	14.4577313458593	4.34836424944057	0	3.1	21.7016183839265	405
WQ	2018	6	17	168	22.7	28.3	10.4506996653766	2.95647306990973	0	1.6	22.4580981965626	405
WQ	2018	6	18	169	22.4	33.3	22.7649324594079	5.51365869175881	0	2.1	23.4734871018063	405
WQ	2018	6	19	170	22.7	28.3	25.6279074711016	5.46325997506606	0	1.9	20.1462351469164	405
WQ	2018	6	20	171	20.2	36.4	27.0580213889104	6.06305003474303	0	1.4	24.4760512931139	405
WQ	2018	6	21	172	22.6	35.6	26.7693566418306	6.64728517147173	0	2.3	22.240467307581	405
WQ	2018	6	22	173	24.5	34.3	19.3240183155125	5.57945039911331	0	2.2	19.9360060276032	405
WQ	2018	6	23	174	22.3	35.3	27.4773684112707	7.83476411883513	0	3.9	19.3412739102957	405
WQ	2018	6	24	175	24.3	34.8	25.6121177293189	7.15016170433642	0	3.3	21.0672955845096	405
WQ	2018	6	25	176	24	30.1	10.441868114108	3.27348790193187	3.7	2.8	26.4675391232281	405
WQ	2018	6	26	177	22.2	33	24.7412528684096	5.21581234907199	0.1	1.6	31.2112498928441	405
WQ	2018	6	27	178	24.3	38.8	25.0197471017279	6.53444600462206	0	2.6	32.3531831438484	405
WQ	2018	6	28	179	23.5	35	28.8720096900491	7.15494915486849	0	2.5	20.4437088273723	405
WQ	2018	6	29	180	21.8	37.5	27.00336766716	7.30016236926248	0	2.9	22.1960268388011	405
WQ	2018	6	30	181	23.1	36.4	27.4214791492555	6.90503515561922	0	2.4	23.1376734963764	405
WQ	2018	7	1	182	22.1	33.6	26.2664954494828	6.11983086715001	0	2.2	23.1929583838223	405
WQ	2018	7	2	183	23.2	34.3	26.1111884427915	5.86203980379304	0	1.7	27.6454082522141	405
WQ	2018	7	3	184	23.1	34.4	21.8125723194674	5.06415261468914	0	1.3	25.6225984510887	405
WQ	2018	7	4	185	25.4	35	10.3747448229014	3.49120081416704	0	1.7	27.0435066037971	405
WQ	2018	7	5	186	23.3	36.3	23.6411882614096	5.72328916173619	0	1.5	24.0308326735008	405
WQ	2018	7	6	187	24.6	35.5	27.1938955122694	6.3065944376903	0.2	2.4	31.9428772984197	405
WQ	2018	7	7	188	22.6	35.3	25.6067612294887	5.68866290146573	0	1.3	28.3368645001416	405
WQ	2018	7	8	189	24.3	30.6	10.3255452251309	2.71044373674653	3.1	1.7	30.0889228308503	405
WQ	2018	7	9	190	23.2	27.1	10.311386099133	2.38203431214637	2.9	1.6	28.2916192648263	405
WQ	2018	7	10	191	21.4	29.1	17.1389657611729	3.59647405382529	0.2	2.1	27.9550338423576	405
WQ	2018	7	11	192	21.7	30.5	10.2808382344223	2.52662055913446	0	1.5	29.2414471218314	405
WQ	2018	7	12	193	22.5	35.3	25.3638147736385	5.49577627056429	0	1.2	33.3465816901482	405
WQ	2018	7	13	194	24.1	30.6	10.2473189519017	2.38996979294254	115.4	1.4	33.6389075343228	405
WQ	2018	7	14	195	24.1	29	10.229445589603	2.21027936074626	53.5	1.1	34.3370055077025	405
WQ	2018	7	15	196	24.4	34.5	21.7345155695389	4.74979966064993	0	1.4	37.5120176449779	405
WQ	2018	7	16	197	25.6	31.4	26.1180581759042	5.74961976184923	0	3.2	30.3329506727342	405
WQ	2018	7	17	198	26.7	33.4	15.2881319047139	4.1680243798355	0	2.7	32.4269287742485	405
WQ	2018	7	18	199	28.1	35.3	26.7714502713386	6.53577917343459	0	3.1	34.7428175387452	405
WQ	2018	7	19	200	28.9	35.6	23.9012398429484	6.03965540177168	0	2.8	35.7496786393846	405
WQ	2018	7	20	201	27.7	35.8	28.2700478254473	6.89486572878564	0	3.3	34.5258625168842	405
WQ	2018	7	21	202	27.6	35.9	26.1088918674524	6.28299276477903	0	2.4	35.0446012411465	405
WQ	2018	7	22	203	27.7	35.2	26.075047971347	5.96537671871625	0	1.3	33.8383338265905	405
WQ	2018	7	23	204	25.5	33.9	22.2158310305316	5.28326616298489	1	2.8	32.5016706494775	405
WQ	2018	7	24	205	25.3	34.2	24.305203608491	5.39143879844575	27.6	4.2	36.1351569755756	405
WQ	2018	7	25	206	27.6	34.5	24.8345809604774	5.7213108576186	0	2.2	36.1896150586618	405
WQ	2018	7	26	207	25.8	34.3	26.6338196556515	5.82768009072831	0	1.3	33.6130421462352	405
WQ	2018	7	27	208	25.6	32	23.3451334291418	5.00889005327625	0	2.5	33.7576955773627	405
WQ	2018	7	28	209	25.1	30.3	32.4770886287722	6.28460461911142	0.1	1.8	34.1401112100941	405
WQ	2018	7	29	210	24.9	33	22.2783009908229	4.77290416460147	0.9	1.2	35.1701535418433	405
WQ	2018	7	30	211	26.2	33.7	22.6598557328734	5.04572631941193	0	2	35.8246131799095	405
WQ	2018	7	31	212	26.2	34.6	25.150055936705	5.54794781333769	0	1.2	35.6037810358843	405
WQ	2018	8	1	213	27.3	35.6	24.1196516221451	5.4529809703974	1.4	0.9	36.8176348186669	405
WQ	2018	8	2	214	26.9	35.5	24.6345945753448	5.62416596098729	0	1.4	35.432783889665	405
WQ	2018	8	3	215	25.3	35.8	27.3913447449301	6.13759440378953	0	1.4	30.0331071994006	405
WQ	2018	8	4	216	26.3	34.8	26.7775881004119	6.02509966631195	0	1.7	32.3364207944857	405
WQ	2018	8	5	217	28	34.1	19.1661039985953	4.52644862811711	0	1.5	36.0590730398892	405
WQ	2018	8	6	218	26.3	33.1	9.61474757937477	2.50319095181583	24	1.6	36.4637685025892	405
WQ	2018	8	7	219	26.8	36.2	9.57928652587489	2.48950184108031	7.2	1.3	41.9329723331382	405
WQ	2018	8	8	220	27.3	33.5	14.4226037458716	3.46419100222537	0.4	1.9	37.8465584974123	405
WQ	2018	8	9	221	25.5	32.6	20.5047057908369	4.46539764211623	0	1.6	34.3632991443031	405
WQ	2018	8	10	222	25.6	33.3	25.3170477083506	5.4245142633214	0	1.3	32.7529194141354	405
WQ	2018	8	11	223	25	34	23.7281545060811	5.2355941715488	0	1.7	32.6750960203619	405
WQ	2018	8	12	224	24.5	34.6	24.7758007944442	5.45047919739488	0	1.7	32.5819892612024	405
WQ	2018	8	13	225	24.7	34.9	25.4032681599029	5.5339399600855	0	1.3	32.2021677433183	405
WQ	2018	8	14	226	23.4	27.5	9.3113840578898	1.90145270187325	158.9	3.3	31.4371223714403	405
WQ	2018	8	15	227	23.8	30.5	19.3374721832114	4.07956145992721	1.4	3.2	31.0868954084751	405
WQ	2018	8	16	228	22.7	29.8	20.2413563573556	4.63852782600903	30	4.2	26.4232781025676	405
WQ	2018	8	17	229	20.2	31.1	26.3617427422232	5.35428866159813	0	2.4	24.4439512872197	405
WQ	2018	8	18	230	22.3	29	9.14323408041237	2.24779164647007	0	2.2	29.1377883660831	405
WQ	2018	8	19	231	22.4	25.8	9.09954010527663	1.86367078190535	19.3	2.8	28.6471784344312	405
WQ	2018	8	20	232	22.7	30.8	23.806703096413	4.72654407629557	0.1	2.9	30.2423214476932	405
WQ	2018	8	21	233	21.6	31.6	25.5023861195107	5.07936757879829	0	1.7	27.8297342617085	405
WQ	2018	8	22	234	22.3	27.9	8.96459167524308	2.21891830397804	0	1.7	27.0926949884247	405
WQ	2018	8	23	235	22.5	31.4	20.9951663823602	4.4625648800006	0	1.6	26.3574177237108	405
WQ	2018	8	24	236	20.8	31.7	25.2523617027727	4.95839260790627	0	1.2	24.9598177729924	405
WQ	2018	8	25	237	19.5	32.3	23.5449818242707	4.67619142762921	0	1.2	24.8600016935452	405
WQ	2018	8	26	238	22.5	32.7	20.9008651205609	4.41519343931517	0	1.2	27.2345576561973	405
WQ	2018	8	27	239	21.1	31.7	23.1058299165426	4.76347280836639	0	1.6	24.4020819823546	405
WQ	2018	8	28	240	21	32.8	24.2252269989849	4.81035769728578	0	1.1	27.9787402148494	405
WQ	2018	8	29	241	23.5	30.9	21.7275807420986	4.64170431655745	0	2	26.5053939738396	405
WQ	2018	8	30	242	20.6	28.7	20.3080043506813	4.08671470053671	0	2.7	24.8168926787174	405
WQ	2018	8	31	243	21.3	29.4	8.5269262487481	2.2310782613701	0.2	1.7	26.8612731983099	405
WQ	2018	9	1	244	21.3	29.7	21.9935706850875	4.34683835301242	0.1	1.6	24.468877949311	405
WQ	2018	9	2	245	21.9	28.6	8.42349457743804	2.20756667034718	0.6	1.9	26.8216593861067	405
WQ	2018	9	3	246	22.2	31.8	23.1244180153014	4.74284993426704	0	1.9	27.2972480236129	405
WQ	2018	9	4	247	18.9	31.6	24.2067064181907	5.04626848532209	0	1.8	17.421782378723	405
WQ	2018	9	5	248	18.8	32.6	22.6621125081288	4.57689502500356	0	1.4	21.9743689524387	405
WQ	2018	9	6	249	21.8	31.6	22.9518385723848	6.02944128924486	0	3.8	18.8765761230444	405
WQ	2018	9	7	250	16.3	28.4	24.0175272131844	5.35291796023287	0	2.9	12.5890300046159	405
WQ	2018	9	8	251	14.9	28.5	23.7780440191128	4.20827035908378	0	1.3	15.919466071635	405
WQ	2018	9	9	252	14.9	29.5	23.0215773065051	4.14820167075684	0	1.3	17.7427146969317	405
WQ	2018	9	10	253	16.3	28.8	17.5090340458075	3.70234865823403	0	1.8	17.7297576002073	405
WQ	2018	9	11	254	16.9	29.2	22.2873611560587	4.2666771674468	0	1.7	17.9330751891452	405
WQ	2018	9	12	255	16.3	29.3	19.3677914331084	3.84899398349534	0	1.8	19.2694835286418	405
WQ	2018	9	13	256	18.7	28.5	16.2143513413963	3.16831608899443	0	1.2	22.0751325161022	405
WQ	2018	9	14	257	21.1	28.2	11.8173154517687	2.44358453345266	1.4	0.8	25.3059790941723	405
WQ	2018	9	15	258	19.1	25.2	7.70651817958252	1.96576154055422	0	1.4	20.5840371323024	405
WQ	2018	9	16	259	17.3	23	7.64873899152239	1.97641944212014	0	1.2	16.0274535099941	405
WQ	2018	9	17	260	12.1	27.2	15.8477166723775	2.60632917571628	0	0.4	17.5672960225327	405
WQ	2018	9	18	261	17.5	21.3	7.53233236806132	1.59334815631528	11.5	1	19.0394062158038	405
WQ	2018	9	19	262	17.5	20.2	7.47374284240325	1.35877548114955	5.5	1	21.4001358947758	405
WQ	2018	9	20	263	16.4	24.2	8.27925684527327	1.69581238478473	0	1.3	21.2505848997627	405
WQ	2018	9	21	264	14.3	28.7	20.753960998782	3.47054403352318	0	1.2	21.15364028644	405
WQ	2018	9	22	265	10.4	26.5	21.2448584619366	3.57179671437046	0	1.5	12.5168773723549	405
WQ	2018	9	23	266	10.1	25.2	20.8766408712183	3.36328961036318	0	1.4	11.9932049664383	405
WQ	2018	9	24	267	10	24.4	20.3886191374032	3.13170010401717	0	1.2	12.210184526215	405
WQ	2018	9	25	268	13.4	19.9	7.11804467084839	1.59553332022357	0	1.5	15.0589122730064	405
WQ	2018	9	26	269	13.7	23.8	13.7795525643204	2.27507304217866	0	0.8	16.9351187783587	405
WQ	2018	9	27	270	11.6	25.8	17.6272079377123	2.84952325048077	0.2	1.3	16.6420392274142	405
WQ	2018	9	28	271	14.3	27.4	17.869979398821	3.31955228686382	0	1.7	16.1035778825421	405
WQ	2018	9	29	272	11.1	24.3	18.9360322367943	3.26393753026271	0	2	12.6426579221419	405
WQ	2018	9	30	273	7.9	23.4	19.0485029152882	3.98395771414242	0	3.6	9.464675075198	405
WQ	2018	10	1	274	9.8	26	19.0410008310865	3.86474770215299	0	2.5	10.2893441742025	405
WQ	2018	10	2	275	8.8	26.6	19.6135320424477	3.06729633667122	0	1.2	12.2301837323877	405
WQ	2018	10	3	276	9.7	28.2	18.9051357548757	2.86862383635379	0	0.8	14.8316143147668	405
WQ	2018	10	4	277	10.7	28.4	17.2819615794647	2.85291714339452	0	1	14.6935415233739	405
WQ	2018	10	5	278	10.8	28.3	17.5062580247829	2.80933479599449	0	0.9	13.8829287387122	405
WQ	2018	10	6	279	11.8	22.2	16.9298103655462	2.92864383318177	0	2	11.3694208392819	405
WQ	2018	10	7	280	11.2	23.7	17.037329712467	2.61699106951149	0	1	8.94783847080225	405
WQ	2018	10	8	281	9.1	24.1	16.6920665709721	2.35617149787217	0	0.9	14.1362272578919	405
WQ	2018	10	9	282	9.7	17.4	15.3425184375632	3.1496737235314	0	3.1	7.01996028857327	405
WQ	2018	10	10	283	1.8	19	17.7886419393011	2.13018507988204	0	1	7.37714599180412	405
WQ	2018	10	11	284	3	19.3	17.2195680418892	2.01683204320055	0	0.8	7.94105480514877	405
WQ	2018	10	12	285	4.2	21.5	14.5676317742809	2.06304949981928	0	1.2	10.5065209629892	405
WQ	2018	10	13	286	11.1	22.4	14.240269122131	3.08995150478656	0	2.7	10.0763697613156	405
WQ	2018	10	14	287	10.2	22.1	15.3273987579933	2.5643523109871	0	2	11.7138194714594	405
WQ	2018	10	15	288	9.5	22.9	14.5655047518653	2.2933005425092	0	1.7	13.3326995143498	405
WQ	2018	10	16	289	12.7	17.5	13.0609639546689	1.82371150192003	0	1.9	13.8744696673458	405
WQ	2018	10	17	290	7.9	19.6	15.411842489008	1.93207865201712	0	1.4	12.5493378858372	405
WQ	2018	10	18	291	4.2	19.2	15.6138158037833	1.89254842594402	0	1	8.69176386872352	405
WQ	2018	10	19	292	3.7	19.3	15.707017828164	1.6988899962735	0	0.6	9.10531827148537	405
WQ	2018	10	20	293	6.5	19.3	14.6471693725183	1.6718295525305	0	0.6	9.94118927962565	405
WQ	2018	10	21	294	11.1	19.4	5.59363895450293	1.33233943335876	0	1.1	12.3313229298628	405
WQ	2018	10	22	295	9.2	22.8	13.2879387523497	1.94743712309683	0	1.6	14.5753944489037	405
WQ	2018	10	23	296	4.1	21.2	15.5461184327414	2.24743721372394	0	1.5	7.67446857652752	405
WQ	2018	10	24	297	5.5	24.4	15.0206210873343	2.36229193471315	0	1.5	9.89885460108009	405
WQ	2018	10	25	298	10.6	19.3	5.37778257914859	1.47405962992868	0.9	2.2	13.0131739156058	405
WQ	2018	10	26	299	4.9	15.6	15.1963549581516	2.54830465010156	0	3.1	6.06875244103372	405
WQ	2018	10	27	300	0.8	19.6	15.181643466909	2.22829735191974	0	1.9	6.73508205869227	405
WQ	2018	10	28	301	3.8	22.1	14.8682991657704	3.02213941757104	0	2.8	6.92394622863044	405
WQ	2018	10	29	302	5.4	16.3	14.360897276039	1.94785905457286	0	1.6	6.05086248604147	405
WQ	2018	10	30	303	3.5	17.9	14.4487492918656	1.54837055379738	0	0.9	7.51574002594242	405
WQ	2018	10	31	304	2.9	19.5	13.6571329592692	1.5860204237083	0	1	8.45399879403879	405
WQ	2018	11	1	305	3.2	20.1	13.5540003761632	1.6984420315334	0	1.4	9.67629353712617	405
WQ	2018	11	2	306	4.8	21	12.5850183513644	1.7866814628148	0	1.7	10.7110809944458	405
WQ	2018	11	3	307	6.3	20.2	13.3513981395706	1.79004044422096	0	2.2	11.7934464022645	405
WQ	2018	11	4	308	8.5	17.8	4.88009009968482	1.20544662883887	0	2	12.1199125203126	405
WQ	2018	11	5	309	6.7	10.2	6.34684706142537	1.366	1.1	1.88	9.33	405
WQ	2018	11	6	310	3.5	10.6	4.78896586278025	1.03068052185242	0	1.9	7.4278691972438	405
WQ	2018	11	7	311	2.9	13.9	11.8416254168917	1.43948473201085	0	1.4	5.9686970944237	405
WQ	2018	11	8	312	7	12.8	9.15600526290523	1.31793397659593	0	1.9	8.43249827414607	405
WQ	2018	11	9	313	4.5	17.2	12.4073797704135	1.39010260238281	0	2	10.5178327588407	405
WQ	2018	11	10	314	1.6	16	12.2273295730108	1.42049192514086	0	1.5	7.2615470889889	405
WQ	2018	11	11	315	6.2	13.6	9.95336137551184	1.10929777349908	1	1.5	9.52171656495559	405
WQ	2018	11	12	316	0.6	15.6	11.6034133748156	0.980975932858814	0	1.1	10.0029086625634	405
WQ	2018	11	13	317	0	16.4	10.7122355215894	0.989087003721582	0	1.4	10.2756743678043	405
WQ	2018	11	14	318	2.2	14.3	7.5924197556241	0.75166082660665	0	0.9	10.5560972333169	405
WQ	2018	11	15	319	7.4	11.9	4.41944982656481	0.801848137789647	1.2	2	10.419129155177	405
WQ	2018	11	16	320	2.8	9.2	11.9123774313411	1.20409682496557	1.6	2.9	6.78313449032043	405
WQ	2018	11	17	321	1.4	11.4	9.10443761712612	1.005537021874	0	1.6	7.08378281589526	405
WQ	2018	11	18	322	2.5	14.1	11.4976937420235	1.17106562770325	0	1.9	8.30807334034524	405
WQ	2018	11	19	323	-1.1	13.4	11.7746963724449	1.1665673871219	0	2.9	7.87879578531569	405
WQ	2018	11	20	324	2.8	11.7	11.18284783794	1.28962228428151	0	2.9	7.32136910600239	405
WQ	2018	11	21	325	0.8	7.9	7.14706577961806	0.761840644811597	0.1	2.1	6.93673917193924	405
WQ	2018	11	22	326	-3.2	11.5	9.59143332863247	0.747931952632086	0	1.5	7.54133509245503	405
WQ	2018	11	23	327	0.8	11.9	10.2190005641893	1.16055646294454	0	2.5	7.04018368488265	405
WQ	2018	11	24	328	-2.1	12.5	11.1821286494786	1.07675159107227	0	1.9	6.5109001026001	405
WQ	2018	11	25	329	-1.6	14.3	11.1220469402815	0.866659303580924	0	1.4	8.47557972215987	405
WQ	2018	11	26	330	2.1	15.8	9.29420919120177	0.854147386016408	0	2.3	10.9006461824627	405
WQ	2018	11	27	331	3	10.8	10.0851439602451	1.2495498683336	0	2.6	6.57001733277281	405
WQ	2018	11	28	332	0.1	9.1	4.01814385221075	1.05044904007182	0	1.7	5.04763188637377	405
WQ	2018	11	29	333	0.8	10	10.4036902606168	0.813181389340961	0	2.2	7.50101357445774	405
WQ	2018	11	30	334	0.6	10	3.97158020371577	0.627045111846473	0	1.1	7.55711606693109	405
WQ	2018	12	1	335	0.8	10.4	3.94988145363632	0.614071628192403	0	1.6	8.20680097942987	405
WQ	2018	12	2	336	6.1	8.9	3.92924685672386	0.473749448139404	0.2	1.5	10.0973644727255	405
WQ	2018	12	3	337	4.2	8	3.90968254223133	1.45460705042807	0	3.3	5.50289330601528	405
WQ	2018	12	4	338	-1.7	6.5	10.597695182205	1.44449659906041	0	2.5	2.63762532946127	405
WQ	2018	12	5	339	-0.2	2	3.87378752448038	0.620343234357135	1.6	2	5.09967114146472	405
WQ	2018	12	6	340	-4.9	2.5	10.5248364051451	0.999134646716111	0	3.6	3.52482327167183	405
WQ	2018	12	7	341	-10.1	-1.2	10.573006012349	0.648515072486136	0	1.4	1.8965801245169	405
WQ	2018	12	8	342	-12	-2.4	10.7040262010266	0.602489600329766	0	1.4	1.69976693342767	405
WQ	2018	12	9	343	-10.9	1	8.81898744789148	0.686504192229745	0	1.5	2.26051445528564	405
WQ	2018	12	10	344	-9.4	2.8	9.76303433687481	0.617984411356471	0	1	2.40735844517284	405
WQ	2018	12	11	345	-5.4	1	9.49969744344061	0.890875463963701	0	2.3	2.71641898400446	405
WQ	2018	12	12	346	-10.7	3.2	10.4431890427315	0.857546482906925	0	2.3	2.75288034389053	405
WQ	2018	12	13	347	-8.7	4.7	10.5046160667277	1.03570570908726	0	1.8	1.87323396182842	405
WQ	2018	12	14	348	-8.1	5.4	10.3282154787157	0.894478200206175	0	1.8	2.94897484667128	405
WQ	2018	12	15	349	-5	7.2	8.87574651517439	0.89771744428145	0	3.1	5.02907014506821	405
WQ	2018	12	16	350	-3.7	10.5	10.1435239919355	0.98286352216373	0	1.8	4.94287267537618	405
WQ	2018	12	17	351	-5.3	10	9.97522232151833	1.04712808905988	0	1.8	4.09909939790054	405
WQ	2018	12	18	352	-2.3	11.2	10.1285450783714	1.18174673178393	0	2	4.615202389825	405
WQ	2018	12	19	353	-3.6	9.4	9.16787664553841	1.04846691390044	0	1.8	4.11895077994185	405
WQ	2018	12	20	354	-4.5	10.2	8.28956487199003	1.0228600246439	0	1.9	4.70948334241153	405
WQ	2018	12	21	355	-0.7	9.5	7.17411055393045	0.855299381075674	0.6	1.7	5.83372613725613	405
WQ	2018	12	22	356	-2.4	9.6	8.37303076422608	0.733629665861204	0	1	4.86617857000488	405
WQ	2018	12	23	357	-5.8	4.9	10.3729858400713	1.51083267731696	0	3	1.83063527626282	405
WQ	2018	12	24	358	-9	5.7	9.82246323002232	0.831410178154658	0	1.6	3.00138247736153	405
WQ	2018	12	25	359	-3.5	5.9	9.19346260249632	1.01764042216889	0	2.6	4.06088428711483	405
WQ	2018	12	26	360	-5.3	1.8	9.0455001495797	0.870133178669922	0	2.8	3.32184673228136	405
WQ	2018	12	27	361	-8.6	-3.3	7.37698303712125	1.11066049853082	0	3.8	1.55574915802671	405
WQ	2018	12	28	362	-13.2	-4.2	10.5202796473864	0.697459296779842	0	1.9	1.23640060274068	405
WQ	2018	12	29	363	-13.7	-0.7	10.2196761562683	0.61437288497117	0	1.3	1.66400952665045	405
WQ	2018	12	30	364	-13.3	0.4	10.2424510845062	0.500006053588441	0	0.9	2.11968824191895	405
WQ	2018	12	31	365	-9	0.5	9.86407919163514	0.686810071954273	0	1.3	1.97941096095669	405
